#{"t_start": 1541129647.9764614, "env_id": "MountainCar-v0"}
r,l,t
-200.0,200,0.50263
-200.0,200,0.605685
-200.0,200,0.697146
-200.0,200,0.697231
-200.0,200,0.790743
-200.0,200,0.790841
-200.0,200,0.881323
-200.0,200,0.881408
-200.0,200,1.265579
-200.0,200,1.265664
-200.0,200,1.35316
-65.0,65,1.353258
-65.0,65,1.353302
-200.0,200,1.626114
-200.0,200,1.626245
-200.0,200,1.757046
-94.0,94,1.757164
-94.0,94,1.757211
-200.0,200,1.792943
-94.0,94,1.793044
-27.0,27,1.793091
-27.0,27,1.79313
-200.0,200,2.066962
-200.0,200,2.067066
-200.0,200,2.106506
-94.0,94,2.106625
-27.0,27,2.106673
-27.0,27,2.106713
-200.0,200,2.233628
-94.0,94,2.233751
-94.0,94,2.233813
-200.0,200,2.276792
-32.0,32,2.276894
-32.0,32,2.276939
-200.0,200,2.318941
-32.0,32,2.319048
-32.0,32,2.319099
-200.0,200,2.588951
-200.0,200,2.589061
-200.0,200,2.634528
-32.0,32,2.634624
-32.0,32,2.634669
-200.0,200,2.671011
-94.0,94,2.671125
-27.0,27,2.67117
-27.0,27,2.671209
-200.0,200,2.799945
-94.0,94,2.800054
-94.0,94,2.800105
-200.0,200,3.070777
-200.0,200,3.070878
-200.0,200,3.1072
-94.0,94,3.1073
-27.0,27,3.107347
-27.0,27,3.107388
-200.0,200,3.235611
-94.0,94,3.235734
-94.0,94,3.235782
-200.0,200,3.271611
-94.0,94,3.271711
-27.0,27,3.271757
-27.0,27,3.271798
-200.0,200,3.307569
-94.0,94,3.307686
-27.0,27,3.30773
-27.0,27,3.307769
-200.0,200,3.399631
-65.0,65,3.399733
-65.0,65,3.399779
-200.0,200,3.674627
-200.0,200,3.674728
-200.0,200,3.718304
-32.0,32,3.718426
-32.0,32,3.718475
-200.0,200,3.808028
-65.0,65,3.808129
-65.0,65,3.808174
-200.0,200,4.080994
-200.0,200,4.081126
-200.0,200,4.117053
-94.0,94,4.117173
-27.0,27,4.11722
-27.0,27,4.117261
-200.0,200,4.164298
-32.0,32,4.164414
-32.0,32,4.164477
-200.0,200,4.296934
-94.0,94,4.297035
-94.0,94,4.297081
-200.0,200,4.565004
-200.0,200,4.565102
-200.0,200,4.608353
-32.0,32,4.608473
-32.0,32,4.608522
-200.0,200,4.645007
-94.0,94,4.645111
-27.0,27,4.645157
-27.0,27,4.645197
-200.0,200,4.917965
-200.0,200,4.918085
-200.0,200,4.956902
-94.0,94,4.956988
-27.0,27,4.957034
-27.0,27,4.957074
-200.0,200,5.224924
-200.0,200,5.225017
-200.0,200,5.267448
-32.0,32,5.267564
-32.0,32,5.267616
-200.0,200,5.398391
-94.0,94,5.398497
-94.0,94,5.399279
-200.0,200,5.527937
-94.0,94,5.528043
-94.0,94,5.528109
-200.0,200,5.571096
-32.0,32,5.571247
-32.0,32,5.571309
-200.0,200,5.846344
-200.0,200,5.846447
-200.0,200,6.119365
-200.0,200,6.119485
-200.0,200,6.385721
-200.0,200,6.385844
-200.0,200,6.422637
-94.0,94,6.422755
-27.0,27,6.422804
-27.0,27,6.42286
-200.0,200,6.461903
-94.0,94,6.462008
-27.0,27,6.46206
-27.0,27,6.462132
-200.0,200,6.734258
-200.0,200,6.734372
-200.0,200,7.003719
-200.0,200,7.00382
-200.0,200,7.129774
-94.0,94,7.129859
-94.0,94,7.129905
-200.0,200,7.374292
-182.0,182,7.374401
-182.0,182,7.374465
-200.0,200,7.506825
-96.0,96,7.506935
-96.0,96,7.506986
-200.0,200,7.547305
-94.0,94,7.547406
-27.0,27,7.547453
-27.0,27,7.547494
-200.0,200,7.678993
-96.0,96,7.679115
-96.0,96,7.679161
-200.0,200,7.922533
-182.0,182,7.92264
-182.0,182,7.922703
-200.0,200,7.963563
-94.0,94,7.963667
-27.0,27,7.963713
-27.0,27,7.963753
-200.0,200,8.050269
-65.0,65,8.050374
-65.0,65,8.050422
-200.0,200,8.181432
-96.0,96,8.181551
-96.0,96,8.181598
-200.0,200,8.429237
-182.0,182,8.429337
-182.0,182,8.429386
-200.0,200,8.472835
-32.0,32,8.472934
-32.0,32,8.472979
-200.0,200,8.519533
-32.0,32,8.519672
-32.0,32,8.519719
-200.0,200,8.56241
-32.0,32,8.562533
-32.0,32,8.562583
-200.0,200,8.649175
-65.0,65,8.649347
-65.0,65,8.649414
-200.0,200,8.69359
-32.0,32,8.69371
-32.0,32,8.69376
-200.0,200,8.963563
-200.0,200,8.963667
-200.0,200,8.999724
-94.0,94,8.999826
-27.0,27,8.999872
-27.0,27,8.999911
-200.0,200,9.046527
-32.0,32,9.046631
-32.0,32,9.0467
-200.0,200,9.31787
-200.0,200,9.317976
-200.0,200,9.451388
-96.0,96,9.451488
-96.0,96,9.451563
-200.0,200,9.7259
-200.0,200,9.725994
-200.0,200,9.851632
-94.0,94,9.851735
-94.0,94,9.85178
-200.0,200,9.891074
-94.0,94,9.891226
-27.0,27,9.891293
-27.0,27,9.891334
-200.0,200,9.977175
-65.0,65,9.977275
-65.0,65,9.97732
-200.0,200,10.016729
-94.0,94,10.016832
-27.0,27,10.016878
-27.0,27,10.016918
-200.0,200,10.102803
-65.0,65,10.102913
-65.0,65,10.102965
-200.0,200,10.230248
-94.0,94,10.230356
-94.0,94,10.230403
-200.0,200,10.276543
-32.0,32,10.276641
-32.0,32,10.276688
-200.0,200,10.363253
-65.0,65,10.363359
-65.0,65,10.363409
-200.0,200,10.410287
-32.0,32,10.410418
-32.0,32,10.410485
-200.0,200,10.658497
-182.0,182,10.658614
-182.0,182,10.658662
-200.0,200,10.789261
-96.0,96,10.789369
-96.0,96,10.789418
-200.0,200,11.061328
-200.0,200,11.061431
-200.0,200,11.108169
-32.0,32,11.108286
-32.0,32,11.108332
-200.0,200,11.151108
-32.0,32,11.151242
-32.0,32,11.151303
-200.0,200,11.421268
-200.0,200,11.421374
-200.0,200,11.548374
-94.0,94,11.548491
-94.0,94,11.548537
-200.0,200,11.584813
-94.0,94,11.584931
-27.0,27,11.584992
-27.0,27,11.585032
-200.0,200,11.674464
-65.0,65,11.674576
-65.0,65,11.674627
-200.0,200,11.921517
-182.0,182,11.92164
-182.0,182,11.92169
-200.0,200,12.166571
-182.0,182,12.166686
-182.0,182,12.166741
-200.0,200,12.206136
-94.0,94,12.206254
-27.0,27,12.206301
-27.0,27,12.206341
-200.0,200,12.241938
-94.0,94,12.242061
-27.0,27,12.242111
-27.0,27,12.242168
-200.0,200,12.278689
-94.0,94,12.278807
-27.0,27,12.278854
-27.0,27,12.278895
-200.0,200,12.324397
-32.0,32,12.324503
-32.0,32,12.324565
-200.0,200,12.576375
-182.0,182,12.576498
-182.0,182,12.576547
-200.0,200,12.707743
-94.0,94,12.707862
-94.0,94,12.707918
-200.0,200,12.83708
-96.0,96,12.837201
-96.0,96,12.837248
-200.0,200,13.105527
-200.0,200,13.105648
-200.0,200,13.354975
-182.0,182,13.355102
-182.0,182,13.355165
-200.0,200,13.486316
-96.0,96,13.486435
-96.0,96,13.486481
-200.0,200,13.735447
-182.0,182,13.735575
-182.0,182,13.735622
-200.0,200,13.775519
-182.0,182,13.775654
-30.0,30,13.7757
-30.0,30,13.775739
-200.0,200,13.816103
-182.0,182,13.816205
-30.0,30,13.816251
-30.0,30,13.816291
-200.0,200,13.855923
-94.0,94,13.856028
-27.0,27,13.856075
-27.0,27,13.856115
-200.0,200,14.129311
-200.0,200,14.129414
-200.0,200,14.258101
-94.0,94,14.258203
-94.0,94,14.258249
-200.0,200,14.301645
-32.0,32,14.301746
-32.0,32,14.301792
-200.0,200,14.421935
-89.0,89,14.422042
-89.0,89,14.422095
-200.0,200,14.462894
-182.0,182,14.462995
-30.0,30,14.463042
-30.0,30,14.463082
-200.0,200,14.593841
-94.0,94,14.593946
-94.0,94,14.593994
-200.0,200,14.637693
-32.0,32,14.637794
-32.0,32,14.637842
-200.0,200,14.678309
-94.0,94,14.678447
-27.0,27,14.678548
-27.0,27,14.678588
-200.0,200,14.875848
-182.0,182,14.875958
-147.0,147,14.876025
-147.0,147,14.876079
-200.0,200,15.148867
-200.0,200,15.148976
-200.0,200,15.270823
-89.0,89,15.270926
-89.0,89,15.270972
-200.0,200,15.402175
-94.0,94,15.402284
-94.0,94,15.402348
-200.0,200,15.439231
-94.0,94,15.439351
-27.0,27,15.4394
-27.0,27,15.439456
-200.0,200,15.561361
-89.0,89,15.561463
-89.0,89,15.56151
-200.0,200,15.652163
-65.0,65,15.652267
-65.0,65,15.652315
-200.0,200,15.783267
-96.0,96,15.783392
-96.0,96,15.783441
-200.0,200,15.982653
-182.0,182,15.982764
-147.0,147,15.982818
-147.0,147,15.982863
-200.0,200,16.029088
-32.0,32,16.029211
-32.0,32,16.029274
-200.0,200,16.276371
-182.0,182,16.27651
-182.0,182,16.276563
-200.0,200,16.321555
-182.0,182,16.321667
-30.0,30,16.321736
-30.0,30,16.321794
-200.0,200,16.365036
-32.0,32,16.365135
-32.0,32,16.365181
-200.0,200,16.505042
-182.0,182,16.505147
-103.0,103,16.505197
-103.0,103,16.505239
-200.0,200,16.627471
-89.0,89,16.627601
-89.0,89,16.62765
-200.0,200,16.637228
-94.0,94,16.637318
-7.0,7,16.637364
-7.0,7,16.637403
-200.0,200,16.681297
-32.0,32,16.681397
-32.0,32,16.681443
-200.0,200,16.883744
-182.0,182,16.883844
-147.0,147,16.883892
-147.0,147,16.883932
-200.0,200,16.893282
-94.0,94,16.893391
-7.0,7,16.893439
-7.0,7,16.893482
-200.0,200,17.034261
-182.0,182,17.03437
-103.0,103,17.034418
-103.0,103,17.034458
-200.0,200,17.156054
-89.0,89,17.156164
-89.0,89,17.156214
-200.0,200,17.165301
-94.0,94,17.165401
-7.0,7,17.165453
-7.0,7,17.165512
-200.0,200,17.366393
-182.0,182,17.366512
-147.0,147,17.36656
-147.0,147,17.3666
-200.0,200,17.406918
-94.0,94,17.407024
-27.0,27,17.407074
-27.0,27,17.407132
-200.0,200,17.529796
-89.0,89,17.529903
-89.0,89,17.52995
-200.0,200,17.571101
-182.0,182,17.571222
-30.0,30,17.571271
-30.0,30,17.571327
-200.0,200,17.770055
-182.0,182,17.770179
-147.0,147,17.770243
-147.0,147,17.770285
-200.0,200,18.020842
-182.0,182,18.020963
-182.0,182,18.021027
-200.0,200,18.030581
-94.0,94,18.030693
-7.0,7,18.03074
-7.0,7,18.030781
-200.0,200,18.160717
-96.0,96,18.160818
-96.0,96,18.160864
-200.0,200,18.203789
-32.0,32,18.20389
-32.0,32,18.203937
-200.0,200,18.332533
-94.0,94,18.332643
-94.0,94,18.332693
-200.0,200,18.458789
-94.0,94,18.458899
-94.0,94,18.458951
-200.0,200,18.5899
-94.0,94,18.589997
-94.0,94,18.590043
-200.0,200,18.637433
-32.0,32,18.637563
-32.0,32,18.637655
-200.0,200,18.755921
-89.0,89,18.756026
-89.0,89,18.756089
-200.0,200,18.901986
-182.0,182,18.902079
-103.0,103,18.902126
-103.0,103,18.902165
-200.0,200,18.911695
-94.0,94,18.911786
-7.0,7,18.911833
-7.0,7,18.911873
-200.0,200,18.955699
-32.0,32,18.955809
-32.0,32,18.955862
-200.0,200,18.997407
-182.0,182,18.997514
-30.0,30,18.997578
-30.0,30,18.997619
-200.0,200,19.04374
-32.0,32,19.043852
-32.0,32,19.043915
-200.0,200,19.162633
-89.0,89,19.162769
-89.0,89,19.162819
-200.0,200,19.209053
-32.0,32,19.209166
-32.0,32,19.209248
-200.0,200,19.210954
-94.0,94,19.211026
-1.0,1,19.211072
-1.0,1,19.211112
-200.0,200,19.212966
-94.0,94,19.213037
-1.0,1,19.213082
-1.0,1,19.213122
-200.0,200,19.250122
-94.0,94,19.250262
-27.0,27,19.250312
-27.0,27,19.250352
-200.0,200,19.251943
-94.0,94,19.252016
-1.0,1,19.252062
-1.0,1,19.252102
-200.0,200,19.262542
-94.0,94,19.262646
-7.0,7,19.262749
-7.0,7,19.262791
-200.0,200,19.467328
-182.0,182,19.467462
-147.0,147,19.467511
-147.0,147,19.467562
-200.0,200,19.511515
-32.0,32,19.511641
-32.0,32,19.511687
-200.0,200,19.763206
-182.0,182,19.763323
-182.0,182,19.763371
-200.0,200,19.765
-94.0,94,19.765092
-1.0,1,19.765143
-1.0,1,19.765216
-200.0,200,19.808152
-32.0,32,19.808252
-32.0,32,19.808298
-200.0,200,20.026102
-182.0,182,20.026211
-157.0,157,20.026276
-157.0,157,20.026331
-200.0,200,20.14811
-89.0,89,20.1482
-89.0,89,20.148245
-200.0,200,20.29006
-182.0,182,20.290165
-103.0,103,20.290219
-103.0,103,20.290291
-200.0,200,20.333438
-32.0,32,20.333546
-32.0,32,20.333596
-200.0,200,20.343139
-94.0,94,20.34323
-7.0,7,20.343275
-7.0,7,20.343314
-200.0,200,20.595889
-182.0,182,20.596008
-182.0,182,20.596055
-200.0,200,20.738378
-182.0,182,20.738496
-103.0,103,20.738542
-103.0,103,20.738583
-200.0,200,20.740231
-94.0,94,20.740316
-1.0,1,20.740395
-1.0,1,20.740435
-200.0,200,20.824589
-182.0,182,20.82469
-63.0,63,20.824737
-63.0,63,20.824777
-200.0,200,20.946793
-89.0,89,20.946901
-89.0,89,20.946965
-200.0,200,21.087961
-182.0,182,21.08807
-103.0,103,21.088131
-103.0,103,21.088172
-200.0,200,21.089726
-94.0,94,21.0898
-1.0,1,21.089863
-1.0,1,21.089922
-200.0,200,21.223659
-96.0,96,21.223772
-96.0,96,21.22384
-200.0,200,21.233305
-94.0,94,21.233409
-7.0,7,21.233455
-7.0,7,21.233493
-200.0,200,21.438365
-182.0,182,21.438493
-147.0,147,21.438556
-147.0,147,21.438598
-200.0,200,21.638103
-182.0,182,21.638228
-147.0,147,21.638279
-147.0,147,21.638337
-200.0,200,21.763169
-96.0,96,21.763336
-96.0,96,21.763383
-200.0,200,21.77252
-94.0,94,21.772625
-7.0,7,21.772671
-7.0,7,21.772711
-200.0,200,21.860455
-182.0,182,21.860589
-63.0,63,21.860635
-63.0,63,21.860676
-200.0,200,21.946995
-182.0,182,21.947097
-63.0,63,21.947145
-63.0,63,21.947185
-200.0,200,21.948777
-94.0,94,21.948871
-1.0,1,21.948921
-1.0,1,21.948989
-200.0,200,21.95073
-94.0,94,21.950802
-1.0,1,21.950848
-1.0,1,21.950887
-200.0,200,22.073929
-89.0,89,22.074026
-89.0,89,22.074096
-200.0,200,22.199517
-96.0,96,22.199663
-96.0,96,22.199711
-200.0,200,22.201355
-94.0,94,22.201443
-1.0,1,22.201492
-1.0,1,22.201549
-200.0,200,22.345354
-182.0,182,22.345448
-103.0,103,22.345496
-103.0,103,22.345537
-200.0,200,22.430401
-182.0,182,22.430527
-63.0,63,22.430577
-63.0,63,22.430634
-200.0,200,22.47161
-182.0,182,22.471711
-30.0,30,22.471758
-30.0,30,22.471798
-200.0,200,22.558843
-182.0,182,22.558956
-63.0,63,22.559008
-63.0,63,22.559068
-200.0,200,22.568813
-94.0,94,22.568917
-7.0,7,22.568995
-7.0,7,22.569035
-200.0,200,22.657566
-182.0,182,22.657711
-63.0,63,22.657775
-63.0,63,22.657832
-200.0,200,22.801107
-182.0,182,22.801218
-103.0,103,22.801284
-103.0,103,22.801339
-200.0,200,23.016165
-182.0,182,23.01628
-157.0,157,23.016364
-157.0,157,23.016405
-200.0,200,23.218727
-182.0,182,23.218882
-147.0,147,23.218931
-147.0,147,23.218973
-200.0,200,23.416925
-182.0,182,23.417055
-147.0,147,23.417104
-147.0,147,23.417157
-200.0,200,23.504764
-182.0,182,23.50489
-63.0,63,23.504954
-63.0,63,23.504994
-200.0,200,23.723662
-182.0,182,23.723754
-157.0,157,23.7238
-157.0,157,23.72384
-200.0,200,23.84385
-89.0,89,23.843951
-89.0,89,23.843999
-200.0,200,23.845698
-94.0,94,23.845769
-1.0,1,23.845814
-1.0,1,23.845853
-200.0,200,23.967566
-89.0,89,23.967688
-89.0,89,23.967735
-200.0,200,24.111093
-182.0,182,24.111205
-103.0,103,24.11127
-103.0,103,24.111325
-200.0,200,24.326734
-182.0,182,24.326869
-157.0,157,24.326918
-157.0,157,24.326958
-200.0,200,24.32858
-94.0,94,24.32867
-1.0,1,24.328717
-1.0,1,24.32877
-200.0,200,24.369801
-182.0,182,24.369902
-30.0,30,24.36995
-30.0,30,24.369991
-200.0,200,24.422411
-182.0,182,24.422513
-157.0,157,24.422561
-36.0,36,24.422602
-36.0,36,24.422642
-200.0,200,24.636962
-182.0,182,24.637065
-157.0,157,24.637112
-157.0,157,24.637153
-200.0,200,24.776911
-182.0,182,24.777019
-103.0,103,24.777085
-103.0,103,24.777127
-200.0,200,24.917702
-182.0,182,24.917823
-103.0,103,24.917872
-103.0,103,24.917928
-200.0,200,24.961536
-182.0,182,24.961624
-30.0,30,24.961672
-30.0,30,24.961713
-200.0,200,25.090186
-96.0,96,25.090287
-96.0,96,25.090334
-200.0,200,25.224145
-96.0,96,25.224247
-96.0,96,25.224293
-200.0,200,25.276964
-182.0,182,25.277071
-157.0,157,25.277119
-36.0,36,25.27716
-36.0,36,25.277199
-200.0,200,25.278745
-94.0,94,25.278817
-1.0,1,25.278865
-1.0,1,25.278906
-200.0,200,25.32775
-182.0,182,25.32787
-157.0,157,25.327933
-36.0,36,25.327972
-36.0,36,25.32801
-200.0,200,25.438047
-96.0,96,25.438182
-79.0,79,25.438229
-79.0,79,25.438269
-200.0,200,25.478952
-182.0,182,25.479053
-30.0,30,25.479099
-30.0,30,25.479138
-200.0,200,25.480812
-94.0,94,25.480884
-1.0,1,25.480929
-1.0,1,25.480968
-200.0,200,25.490626
-94.0,94,25.490718
-7.0,7,25.490766
-7.0,7,25.490807
-200.0,200,25.579092
-182.0,182,25.579196
-63.0,63,25.579242
-63.0,63,25.579283
-200.0,200,25.588866
-94.0,94,25.588958
-7.0,7,25.589003
-7.0,7,25.589043
-200.0,200,25.789813
-182.0,182,25.789927
-147.0,147,25.790066
-147.0,147,25.790132
-200.0,200,25.84226
-182.0,182,25.842367
-157.0,157,25.842417
-36.0,36,25.84246
-36.0,36,25.842513
-200.0,200,25.984639
-182.0,182,25.984741
-103.0,103,25.984788
-103.0,103,25.984829
-200.0,200,25.986376
-94.0,94,25.98645
-1.0,1,25.986496
-1.0,1,25.986535
-200.0,200,26.095917
-96.0,96,26.096018
-79.0,79,26.096064
-79.0,79,26.096105
-200.0,200,26.218887
-89.0,89,26.218995
-89.0,89,26.219076
-200.0,200,26.26763
-182.0,182,26.267731
-157.0,157,26.26778
-36.0,36,26.26782
-36.0,36,26.267859
-200.0,200,26.307898
-182.0,182,26.307999
-30.0,30,26.308045
-30.0,30,26.308085
-200.0,200,26.432885
-89.0,89,26.432988
-89.0,89,26.433034
-200.0,200,26.468403
-89.0,89,26.468509
-23.0,23,26.46857
-23.0,23,26.46861
-200.0,200,26.503311
-89.0,89,26.503431
-23.0,23,26.503478
-23.0,23,26.503518
-200.0,200,26.535422
-89.0,89,26.535529
-23.0,23,26.535602
-23.0,23,26.535645
-200.0,200,26.67707
-182.0,182,26.677172
-103.0,103,26.677226
-103.0,103,26.677266
-200.0,200,26.798249
-89.0,89,26.798353
-89.0,89,26.798415
-200.0,200,26.829565
-89.0,89,26.829689
-23.0,23,26.829755
-23.0,23,26.829808
-200.0,200,26.86094
-89.0,89,26.861049
-23.0,23,26.861115
-23.0,23,26.861171
-200.0,200,26.891707
-89.0,89,26.89181
-23.0,23,26.891856
-23.0,23,26.891898
-200.0,200,26.982057
-182.0,182,26.982161
-63.0,63,26.982209
-63.0,63,26.982251
-200.0,200,27.030363
-182.0,182,27.030482
-157.0,157,27.03053
-36.0,36,27.030571
-36.0,36,27.030608
-200.0,200,27.13752
-96.0,96,27.13763
-79.0,79,27.137711
-79.0,79,27.13775
-200.0,200,27.139233
-94.0,94,27.139307
-1.0,1,27.139357
-1.0,1,27.1394
-200.0,200,27.17029
-89.0,89,27.170396
-23.0,23,27.170448
-23.0,23,27.170521
-200.0,200,27.257103
-182.0,182,27.257218
-63.0,63,27.257268
-63.0,63,27.257309
-200.0,200,27.259071
-94.0,94,27.259146
-1.0,1,27.259192
-1.0,1,27.259232
-200.0,200,27.291043
-89.0,89,27.291142
-23.0,23,27.291189
-23.0,23,27.291228
-200.0,200,27.412663
-89.0,89,27.412784
-89.0,89,27.412846
-200.0,200,27.444014
-89.0,89,27.444138
-23.0,23,27.444218
-23.0,23,27.444258
-200.0,200,27.47975
-89.0,89,27.479876
-23.0,23,27.479938
-23.0,23,27.479979
-200.0,200,27.622742
-182.0,182,27.622864
-103.0,103,27.622926
-103.0,103,27.622966
-200.0,200,27.745508
-89.0,89,27.74564
-89.0,89,27.745687
-200.0,200,27.755069
-94.0,94,27.755196
-7.0,7,27.755248
-7.0,7,27.755319
-200.0,200,27.756986
-94.0,94,27.757087
-1.0,1,27.757133
-1.0,1,27.757172
-200.0,200,27.75888
-94.0,94,27.758969
-1.0,1,27.759014
-1.0,1,27.759052
-200.0,200,27.882168
-89.0,89,27.88228
-89.0,89,27.882328
-200.0,200,27.987921
-96.0,96,27.988056
-79.0,79,27.988107
-79.0,79,27.988181
-200.0,200,28.109352
-89.0,89,28.109459
-89.0,89,28.109522
-200.0,200,28.111081
-94.0,94,28.111148
-1.0,1,28.111193
-1.0,1,28.111232
-200.0,200,28.120854
-94.0,94,28.120963
-7.0,7,28.121042
-7.0,7,28.121081
-200.0,200,28.122638
-94.0,94,28.122716
-1.0,1,28.122761
-1.0,1,28.122799
-200.0,200,28.246562
-89.0,89,28.246663
-89.0,89,28.246711
-200.0,200,28.24833
-94.0,94,28.248402
-1.0,1,28.248447
-1.0,1,28.248487
-200.0,200,28.279029
-89.0,89,28.279167
-23.0,23,28.279232
-23.0,23,28.279288
-200.0,200,28.304998
-89.0,89,28.305106
-23.0,23,28.305156
-15.0,15,28.305197
-15.0,15,28.305236
-200.0,200,28.447859
-182.0,182,28.447965
-103.0,103,28.448028
-103.0,103,28.448069
-200.0,200,28.45799
-94.0,94,28.4581
-7.0,7,28.458179
-7.0,7,28.458219
-200.0,200,28.477721
-89.0,89,28.47783
-23.0,23,28.477878
-15.0,15,28.477918
-15.0,15,28.477955
-200.0,200,28.564032
-182.0,182,28.564168
-63.0,63,28.564231
-63.0,63,28.564271
-200.0,200,28.601204
-89.0,89,28.601324
-23.0,23,28.601371
-23.0,23,28.601411
-200.0,200,28.72118
-96.0,96,28.721292
-79.0,79,28.721341
-79.0,79,28.721395
-200.0,200,28.742298
-89.0,89,28.74242
-23.0,23,28.74247
-15.0,15,28.742526
-15.0,15,28.742565
-200.0,200,28.883473
-182.0,182,28.883589
-103.0,103,28.88364
-103.0,103,28.883697
-200.0,200,29.093523
-182.0,182,29.093643
-157.0,157,29.093691
-157.0,157,29.093733
-200.0,200,29.17961
-182.0,182,29.179715
-63.0,63,29.179762
-63.0,63,29.179802
-200.0,200,29.227298
-182.0,182,29.227399
-157.0,157,29.227448
-36.0,36,29.227489
-36.0,36,29.227527
-200.0,200,29.33709
-96.0,96,29.337248
-79.0,79,29.337314
-79.0,79,29.337355
-200.0,200,29.385414
-182.0,182,29.385516
-157.0,157,29.385564
-36.0,36,29.385606
-36.0,36,29.385645
-200.0,200,29.492656
-96.0,96,29.492764
-79.0,79,29.492815
-79.0,79,29.49286
-200.0,200,29.513395
-89.0,89,29.51352
-23.0,23,29.513571
-15.0,15,29.513627
-15.0,15,29.513665
-200.0,200,29.51522
-94.0,94,29.515294
-1.0,1,29.515338
-1.0,1,29.515378
-200.0,200,29.585826
-96.0,96,29.585931
-79.0,79,29.585979
-50.0,50,29.586021
-50.0,50,29.58606
-200.0,200,29.799378
-182.0,182,29.799497
-157.0,157,29.799553
-157.0,157,29.799598
-200.0,200,29.807496
-96.0,96,29.807611
-79.0,79,29.807662
-6.0,6,29.807718
-6.0,6,29.807755
-200.0,200,29.917309
-96.0,96,29.917455
-79.0,79,29.917507
-79.0,79,29.91755
-200.0,200,29.937547
-89.0,89,29.937653
-23.0,23,29.937705
-15.0,15,29.937776
-15.0,15,29.937813
-200.0,200,29.97273
-89.0,89,29.972832
-23.0,23,29.972879
-23.0,23,29.972921
-200.0,200,30.112057
-182.0,182,30.112158
-103.0,103,30.112205
-103.0,103,30.112245
-200.0,200,30.216129
-96.0,96,30.216231
-79.0,79,30.216279
-79.0,79,30.216319
-200.0,200,30.309413
-182.0,182,30.309518
-63.0,63,30.309566
-63.0,63,30.309606
-200.0,200,30.396579
-182.0,182,30.396681
-63.0,63,30.396728
-63.0,63,30.396768
-200.0,200,30.607426
-182.0,182,30.607534
-157.0,157,30.607611
-157.0,157,30.607653
-200.0,200,30.628323
-89.0,89,30.628426
-23.0,23,30.628474
-15.0,15,30.628513
-15.0,15,30.628551
-200.0,200,30.738446
-96.0,96,30.738565
-79.0,79,30.738612
-79.0,79,30.738652
-200.0,200,30.770952
-182.0,182,30.771054
-63.0,63,30.771102
-24.0,24,30.771143
-24.0,24,30.771181
-200.0,200,30.804976
-89.0,89,30.805084
-23.0,23,30.805242
-23.0,23,30.805304
-200.0,200,30.837711
-182.0,182,30.837822
-63.0,63,30.837876
-24.0,24,30.837949
-24.0,24,30.837988
-200.0,200,30.88638
-182.0,182,30.886529
-157.0,157,30.886582
-36.0,36,30.88664
-36.0,36,30.886678
-200.0,200,30.95701
-96.0,96,30.957112
-79.0,79,30.957159
-50.0,50,30.9572
-50.0,50,30.957237
-200.0,200,31.065792
-96.0,96,31.065901
-79.0,79,31.065955
-79.0,79,31.066014
-200.0,200,31.149645
-182.0,182,31.149768
-63.0,63,31.149818
-63.0,63,31.149858
-200.0,200,31.201761
-182.0,182,31.201872
-157.0,157,31.201927
-36.0,36,31.202001
-36.0,36,31.202039
-200.0,200,31.223136
-89.0,89,31.223254
-23.0,23,31.223302
-15.0,15,31.223342
-15.0,15,31.22338
-200.0,200,31.2708
-182.0,182,31.270905
-157.0,157,31.270957
-36.0,36,31.271013
-36.0,36,31.271052
-200.0,200,31.359469
-182.0,182,31.359623
-63.0,63,31.359673
-63.0,63,31.359714
-200.0,200,31.367836
-96.0,96,31.367929
-79.0,79,31.367977
-6.0,6,31.368017
-6.0,6,31.368054
-200.0,200,31.369946
-94.0,94,31.37002
-1.0,1,31.370067
-1.0,1,31.370108
-200.0,200,31.437334
-96.0,96,31.437451
-79.0,79,31.437499
-50.0,50,31.437539
-50.0,50,31.437576
-200.0,200,31.656347
-182.0,182,31.656474
-157.0,157,31.656523
-157.0,157,31.656564
-200.0,200,31.688288
-89.0,89,31.68839
-23.0,23,31.688438
-23.0,23,31.688478
-200.0,200,31.759852
-96.0,96,31.759955
-79.0,79,31.760004
-50.0,50,31.760045
-50.0,50,31.760084
-200.0,200,31.809392
-182.0,182,31.809513
-157.0,157,31.809577
-36.0,36,31.809618
-36.0,36,31.809666
-200.0,200,31.858084
-182.0,182,31.858195
-157.0,157,31.858279
-36.0,36,31.85832
-36.0,36,31.858359
-200.0,200,31.946125
-182.0,182,31.946232
-63.0,63,31.946282
-63.0,63,31.946325
-200.0,200,31.978167
-182.0,182,31.978291
-63.0,63,31.978378
-24.0,24,31.97842
-24.0,24,31.978458
-200.0,200,32.085872
-96.0,96,32.085991
-79.0,79,32.086037
-79.0,79,32.086077
-200.0,200,32.170806
-182.0,182,32.17093
-157.0,157,32.170981
-61.0,61,32.171038
-61.0,61,32.171076
-200.0,200,32.17919
-96.0,96,32.1793
-79.0,79,32.179349
-6.0,6,32.179405
-6.0,6,32.179443
-200.0,200,32.395201
-182.0,182,32.395303
-157.0,157,32.395351
-157.0,157,32.395392
-200.0,200,32.397079
-182.0,182,32.397181
-157.0,157,32.397231
-1.0,1,32.397273
-1.0,1,32.397326
-200.0,200,32.398914
-182.0,182,32.398997
-157.0,157,32.39905
-1.0,1,32.39912
-1.0,1,32.399159
-200.0,200,32.477128
-96.0,96,32.477235
-79.0,79,32.4773
-50.0,50,32.477341
-50.0,50,32.477379
-200.0,200,32.526225
-182.0,182,32.526341
-157.0,157,32.526388
-36.0,36,32.526428
-36.0,36,32.526465
-200.0,200,32.528076
-182.0,182,32.528153
-157.0,157,32.528217
-1.0,1,32.528258
-1.0,1,32.528296
-200.0,200,32.530034
-182.0,182,32.5301
-157.0,157,32.530146
-1.0,1,32.530186
-1.0,1,32.530223
-200.0,200,32.53196
-182.0,182,32.532033
-157.0,157,32.532079
-1.0,1,32.532119
-1.0,1,32.532156
-200.0,200,32.616171
-182.0,182,32.616274
-157.0,157,32.616323
-61.0,61,32.616364
-61.0,61,32.616402
-200.0,200,32.649367
-182.0,182,32.649477
-63.0,63,32.649526
-24.0,24,32.649567
-24.0,24,32.649606
-200.0,200,32.680283
-89.0,89,32.68039
-23.0,23,32.680439
-23.0,23,32.680497
-200.0,200,32.745856
-96.0,96,32.745957
-79.0,79,32.746007
-50.0,50,32.746048
-46.0,46,32.746087
-46.0,46,32.746123
-200.0,200,32.826933
-182.0,182,32.827054
-157.0,157,32.827105
-61.0,61,32.827147
-61.0,61,32.827199
-200.0,200,32.913063
-182.0,182,32.913167
-157.0,157,32.913216
-61.0,61,32.913257
-61.0,61,32.913296
-200.0,200,32.979916
-96.0,96,32.98002
-79.0,79,32.980082
-50.0,50,32.980122
-50.0,50,32.980159
-200.0,200,33.095205
-96.0,96,33.095311
-79.0,79,33.095359
-79.0,79,33.095401
-200.0,200,33.103957
-96.0,96,33.104066
-79.0,79,33.104114
-6.0,6,33.104155
-6.0,6,33.104192
-200.0,200,33.211712
-96.0,96,33.21182
-79.0,79,33.211872
-79.0,79,33.211944
-200.0,200,33.21365
-182.0,182,33.213718
-157.0,157,33.213764
-1.0,1,33.213804
-1.0,1,33.21384
-200.0,200,33.279113
-96.0,96,33.2792
-79.0,79,33.279247
-50.0,50,33.279288
-46.0,46,33.279325
-46.0,46,33.279361
-200.0,200,33.310922
-89.0,89,33.311047
-23.0,23,33.31111
-23.0,23,33.31115
-200.0,200,33.408932
-96.0,96,33.40905
-79.0,79,33.409097
-74.0,74,33.409138
-74.0,74,33.409177
-200.0,200,33.480196
-96.0,96,33.480301
-79.0,79,33.480348
-50.0,50,33.480389
-50.0,50,33.480426
-200.0,200,33.573158
-182.0,182,33.573304
-157.0,157,33.573352
-61.0,61,33.573393
-61.0,61,33.573431
-200.0,200,33.593408
-89.0,89,33.593524
-23.0,23,33.593586
-15.0,15,33.593625
-15.0,15,33.593662
-200.0,200,33.676359
-182.0,182,33.676499
-157.0,157,33.676547
-61.0,61,33.676587
-61.0,61,33.676625
-200.0,200,33.741252
-96.0,96,33.741375
-79.0,79,33.741426
-50.0,50,33.741485
-46.0,46,33.741524
-46.0,46,33.74156
-200.0,200,33.743132
-182.0,182,33.743219
-157.0,157,33.743266
-1.0,1,33.743306
-1.0,1,33.743344
-200.0,200,33.846437
-96.0,96,33.846549
-79.0,79,33.846596
-74.0,74,33.846637
-74.0,74,33.846675
-200.0,200,33.885897
-182.0,182,33.886001
-157.0,157,33.886052
-61.0,61,33.886109
-29.0,29,33.886145
-29.0,29,33.886181
-200.0,200,33.906562
-89.0,89,33.906681
-23.0,23,33.90673
-15.0,15,33.906772
-15.0,15,33.906811
-200.0,200,33.915366
-96.0,96,33.915476
-79.0,79,33.915546
-6.0,6,33.915591
-6.0,6,33.915631
-200.0,200,33.999697
-182.0,182,33.999799
-157.0,157,33.999848
-61.0,61,33.99989
-61.0,61,33.999928
-200.0,200,34.001673
-182.0,182,34.001743
-157.0,157,34.001789
-1.0,1,34.001829
-1.0,1,34.001887
-200.0,200,34.068968
-96.0,96,34.069085
-79.0,79,34.069133
-50.0,50,34.069173
-50.0,50,34.069211
-200.0,200,34.170624
-96.0,96,34.170723
-79.0,79,34.170771
-74.0,74,34.170812
-74.0,74,34.17085
-200.0,200,34.255518
-182.0,182,34.255658
-157.0,157,34.255729
-61.0,61,34.255782
-61.0,61,34.255822
-200.0,200,34.338867
-182.0,182,34.338967
-157.0,157,34.339015
-61.0,61,34.339056
-61.0,61,34.339094
-200.0,200,34.44258
-96.0,96,34.44269
-79.0,79,34.44274
-74.0,74,34.442782
-74.0,74,34.442822
-200.0,200,34.510753
-96.0,96,34.510858
-79.0,79,34.510906
-50.0,50,34.510946
-50.0,50,34.510982
-200.0,200,34.582217
-96.0,96,34.582329
-79.0,79,34.582382
-50.0,50,34.582428
-50.0,50,34.582497
-200.0,200,34.613331
-89.0,89,34.613431
-23.0,23,34.613479
-23.0,23,34.613519
-200.0,200,34.699637
-182.0,182,34.699762
-157.0,157,34.699846
-61.0,61,34.699888
-61.0,61,34.699926
-200.0,200,34.701695
-182.0,182,34.70177
-157.0,157,34.701818
-1.0,1,34.701859
-1.0,1,34.701897
-200.0,200,34.764672
-96.0,96,34.764775
-79.0,79,34.764825
-50.0,50,34.764866
-46.0,46,34.764905
-46.0,46,34.764942
-200.0,200,34.830744
-96.0,96,34.830847
-79.0,79,34.830895
-50.0,50,34.830937
-46.0,46,34.830975
-46.0,46,34.831012
-200.0,200,34.862162
-89.0,89,34.862263
-23.0,23,34.862311
-23.0,23,34.862353
-200.0,200,34.882412
-89.0,89,34.882527
-23.0,23,34.882576
-15.0,15,34.882618
-15.0,15,34.88267
-200.0,200,34.943619
-96.0,96,34.943745
-79.0,79,34.943824
-50.0,50,34.943865
-46.0,46,34.943902
-46.0,46,34.943939
-200.0,200,34.987965
-182.0,182,34.988089
-157.0,157,34.988204
-61.0,61,34.988245
-29.0,29,34.988284
-29.0,29,34.98832
-200.0,200,35.09092
-96.0,96,35.091018
-79.0,79,35.091086
-74.0,74,35.09113
-74.0,74,35.091167
-200.0,200,35.130157
-182.0,182,35.130266
-157.0,157,35.130333
-61.0,61,35.13039
-29.0,29,35.130429
-29.0,29,35.130466
-200.0,200,35.162347
-182.0,182,35.162471
-63.0,63,35.16252
-24.0,24,35.162564
-24.0,24,35.162616
-200.0,200,35.263787
-96.0,96,35.263909
-79.0,79,35.263956
-74.0,74,35.263997
-74.0,74,35.264035
-200.0,200,35.272292
-96.0,96,35.272386
-79.0,79,35.272434
-6.0,6,35.272475
-6.0,6,35.272513
-200.0,200,35.333929
-96.0,96,35.33404
-79.0,79,35.334094
-50.0,50,35.334153
-46.0,46,35.334191
-46.0,46,35.334228
-200.0,200,35.370806
-182.0,182,35.370906
-63.0,63,35.370955
-24.0,24,35.370996
-24.0,24,35.371033
-200.0,200,35.438313
-96.0,96,35.438442
-79.0,79,35.438504
-50.0,50,35.438545
-50.0,50,35.438582
-200.0,200,35.447139
-96.0,96,35.447244
-79.0,79,35.447295
-6.0,6,35.447353
-6.0,6,35.447391
-200.0,200,35.449124
-182.0,182,35.449196
-157.0,157,35.449246
-1.0,1,35.449302
-1.0,1,35.44934
-200.0,200,35.451042
-182.0,182,35.451142
-157.0,157,35.451194
-1.0,1,35.451268
-1.0,1,35.451308
-200.0,200,35.52255
-96.0,96,35.522674
-79.0,79,35.522725
-50.0,50,35.522782
-50.0,50,35.52282
-200.0,200,35.584997
-96.0,96,35.585133
-79.0,79,35.585186
-50.0,50,35.585243
-46.0,46,35.585281
-46.0,46,35.585319
-200.0,200,35.618756
-182.0,182,35.618865
-63.0,63,35.618929
-24.0,24,35.618971
-24.0,24,35.619008
-200.0,200,35.654258
-89.0,89,35.654359
-23.0,23,35.654406
-23.0,23,35.654445
-200.0,200,35.721522
-96.0,96,35.72164
-79.0,79,35.721688
-50.0,50,35.721729
-50.0,50,35.721766
-200.0,200,35.76288
-182.0,182,35.762991
-157.0,157,35.763044
-61.0,61,35.76312
-29.0,29,35.763158
-29.0,29,35.763194
-200.0,200,35.865979
-96.0,96,35.866096
-79.0,79,35.866215
-74.0,74,35.866258
-74.0,74,35.866297
-200.0,200,35.905907
-182.0,182,35.906024
-157.0,157,35.906072
-61.0,61,35.906114
-29.0,29,35.906153
-29.0,29,35.90619
-200.0,200,35.997573
-182.0,182,35.997678
-157.0,157,35.997727
-61.0,61,35.997769
-61.0,61,35.997808
-200.0,200,36.065621
-96.0,96,36.065724
-79.0,79,36.065771
-50.0,50,36.065812
-50.0,50,36.06585
-200.0,200,36.131996
-96.0,96,36.132105
-79.0,79,36.132159
-50.0,50,36.132231
-46.0,46,36.132268
-46.0,46,36.132304
-200.0,200,36.133983
-182.0,182,36.13406
-157.0,157,36.134122
-1.0,1,36.134161
-1.0,1,36.134197
-200.0,200,36.142745
-96.0,96,36.14284
-79.0,79,36.14289
-6.0,6,36.142931
-6.0,6,36.142983
-200.0,200,36.219329
-182.0,182,36.219436
-157.0,157,36.219488
-61.0,61,36.219553
-55.0,55,36.219593
-55.0,55,36.219628
-200.0,200,36.281464
-96.0,96,36.281583
-79.0,79,36.281632
-50.0,50,36.281719
-46.0,46,36.281756
-46.0,46,36.281792
-200.0,200,36.342893
-96.0,96,36.343002
-79.0,79,36.343055
-50.0,50,36.343114
-46.0,46,36.343167
-46.0,46,36.343204
-200.0,200,36.445508
-96.0,96,36.445616
-79.0,79,36.445677
-74.0,74,36.445718
-74.0,74,36.445755
-200.0,200,36.453724
-96.0,96,36.453819
-79.0,79,36.453871
-6.0,6,36.453917
-6.0,6,36.453986
-200.0,200,36.556019
-96.0,96,36.556123
-79.0,79,36.556171
-74.0,74,36.556212
-74.0,74,36.55625
-200.0,200,36.626618
-96.0,96,36.626749
-79.0,79,36.626801
-50.0,50,36.626871
-50.0,50,36.626908
-200.0,200,36.660294
-182.0,182,36.660416
-63.0,63,36.660466
-24.0,24,36.660521
-24.0,24,36.660557
-200.0,200,36.662136
-182.0,182,36.66222
-157.0,157,36.662264
-1.0,1,36.662303
-1.0,1,36.662339
-200.0,200,36.723197
-96.0,96,36.723319
-79.0,79,36.72337
-50.0,50,36.723428
-46.0,46,36.723467
-46.0,46,36.723505
-200.0,200,36.725212
-182.0,182,36.72529
-157.0,157,36.725338
-1.0,1,36.725378
-1.0,1,36.725415
-200.0,200,36.72696
-182.0,182,36.727043
-157.0,157,36.72709
-1.0,1,36.72713
-1.0,1,36.727167
-200.0,200,36.770248
-182.0,182,36.770356
-157.0,157,36.77041
-61.0,61,36.770457
-29.0,29,36.770526
-29.0,29,36.770562
-200.0,200,36.868125
-96.0,96,36.868273
-79.0,79,36.868337
-74.0,74,36.868378
-74.0,74,36.868416
-200.0,200,36.889631
-89.0,89,36.889741
-23.0,23,36.889819
-15.0,15,36.889859
-15.0,15,36.889897
-200.0,200,36.973875
-182.0,182,36.973984
-157.0,157,36.97405
-61.0,61,36.974092
-61.0,61,36.974131
-200.0,200,37.013228
-182.0,182,37.013336
-157.0,157,37.013402
-61.0,61,37.013444
-29.0,29,37.013483
-29.0,29,37.01352
-200.0,200,37.085578
-96.0,96,37.085682
-79.0,79,37.085729
-50.0,50,37.08577
-50.0,50,37.085809
-200.0,200,37.188775
-96.0,96,37.188878
-79.0,79,37.188941
-74.0,74,37.188981
-74.0,74,37.189019
-200.0,200,37.197114
-96.0,96,37.197206
-79.0,79,37.19727
-6.0,6,37.197311
-6.0,6,37.197349
-200.0,200,37.205765
-96.0,96,37.205864
-79.0,79,37.205913
-6.0,6,37.205953
-6.0,6,37.205991
-200.0,200,37.2799
-182.0,182,37.280016
-157.0,157,37.280081
-61.0,61,37.280122
-55.0,55,37.28016
-55.0,55,37.280197
-200.0,200,37.281872
-182.0,182,37.281942
-157.0,157,37.281989
-1.0,1,37.282027
-1.0,1,37.282064
-200.0,200,37.358617
-182.0,182,37.358719
-157.0,157,37.358766
-61.0,61,37.358807
-55.0,55,37.358845
-55.0,55,37.358881
-200.0,200,37.461383
-96.0,96,37.461481
-79.0,79,37.461528
-74.0,74,37.461569
-74.0,74,37.461607
-200.0,200,37.501748
-182.0,182,37.501851
-157.0,157,37.501899
-61.0,61,37.50194
-29.0,29,37.501979
-29.0,29,37.502015
-200.0,200,37.503756
-182.0,182,37.503829
-157.0,157,37.503875
-1.0,1,37.503916
-1.0,1,37.503953
-200.0,200,37.537308
-182.0,182,37.537411
-63.0,63,37.537459
-24.0,24,37.5375
-24.0,24,37.537539
-200.0,200,37.577209
-182.0,182,37.577324
-157.0,157,37.577373
-61.0,61,37.577415
-29.0,29,37.577453
-29.0,29,37.577489
-200.0,200,37.60192
-89.0,89,37.602018
-23.0,23,37.602066
-15.0,15,37.602106
-15.0,15,37.602144
-200.0,200,37.671768
-96.0,96,37.671875
-79.0,79,37.671951
-50.0,50,37.671992
-46.0,46,37.67203
-46.0,46,37.672067
-200.0,200,37.739432
-96.0,96,37.739538
-79.0,79,37.739599
-50.0,50,37.73964
-50.0,50,37.739678
-200.0,200,37.782643
-182.0,182,37.782754
-157.0,157,37.782806
-61.0,61,37.78285
-29.0,29,37.78289
-29.0,29,37.782943
-200.0,200,37.831924
-96.0,96,37.832045
-79.0,79,37.832108
-50.0,50,37.832148
-46.0,46,37.832186
-36.0,36,37.832222
-36.0,36,37.832258
-200.0,200,37.840875
-96.0,96,37.840989
-79.0,79,37.841038
-6.0,6,37.841094
-6.0,6,37.841131
-200.0,200,37.91915
-182.0,182,37.91925
-157.0,157,37.919298
-61.0,61,37.91934
-55.0,55,37.919378
-55.0,55,37.919414
-200.0,200,37.992712
-182.0,182,37.992814
-157.0,157,37.992861
-61.0,61,37.992903
-55.0,55,37.99294
-55.0,55,37.992977
-200.0,200,37.994556
-182.0,182,37.994632
-157.0,157,37.994683
-1.0,1,37.994727
-1.0,1,37.994797
-200.0,200,38.097776
-96.0,96,38.097937
-79.0,79,38.098015
-74.0,74,38.098055
-74.0,74,38.098093
-200.0,200,38.099676
-182.0,182,38.099772
-157.0,157,38.09982
-1.0,1,38.099859
-1.0,1,38.099895
-200.0,200,38.201652
-96.0,96,38.201773
-79.0,79,38.20182
-74.0,74,38.201862
-74.0,74,38.201901
-200.0,200,38.241225
-182.0,182,38.241342
-157.0,157,38.24139
-61.0,61,38.241431
-29.0,29,38.241468
-29.0,29,38.241504
-200.0,200,38.342717
-96.0,96,38.342829
-79.0,79,38.342882
-74.0,74,38.342953
-74.0,74,38.342991
-200.0,200,38.351579
-96.0,96,38.351719
-79.0,79,38.351766
-6.0,6,38.351807
-6.0,6,38.351845
-200.0,200,38.416832
-96.0,96,38.416934
-79.0,79,38.416981
-50.0,50,38.417021
-46.0,46,38.417058
-46.0,46,38.417094
-200.0,200,38.46204
-182.0,182,38.462161
-157.0,157,38.462213
-61.0,61,38.462256
-29.0,29,38.46231
-29.0,29,38.462346
-200.0,200,38.494375
-182.0,182,38.494496
-63.0,63,38.494546
-24.0,24,38.494603
-24.0,24,38.49464
-200.0,200,38.55633
-96.0,96,38.556432
-79.0,79,38.55648
-50.0,50,38.556521
-46.0,46,38.556559
-46.0,46,38.556596
-200.0,200,38.622962
-96.0,96,38.623068
-79.0,79,38.623118
-50.0,50,38.623175
-46.0,46,38.623214
-46.0,46,38.62325
-200.0,200,38.624925
-182.0,182,38.625001
-157.0,157,38.625048
-1.0,1,38.625087
-1.0,1,38.625124
-200.0,200,38.62665
-182.0,182,38.626734
-157.0,157,38.626786
-1.0,1,38.626856
-1.0,1,38.626892
-200.0,200,38.676565
-96.0,96,38.676665
-79.0,79,38.676712
-50.0,50,38.676753
-46.0,46,38.67679
-36.0,36,38.676827
-36.0,36,38.676862
-200.0,200,38.762712
-182.0,182,38.762814
-157.0,157,38.762861
-61.0,61,38.762902
-61.0,61,38.762939
-200.0,200,38.836875
-182.0,182,38.836983
-157.0,157,38.837037
-61.0,61,38.83711
-55.0,55,38.837148
-55.0,55,38.837184
-200.0,200,38.899885
-96.0,96,38.900013
-79.0,79,38.900068
-50.0,50,38.900111
-46.0,46,38.90015
-36.0,36,38.900189
-36.0,36,38.900225
-200.0,200,38.981735
-182.0,182,38.981839
-157.0,157,38.981903
-61.0,61,38.981944
-61.0,61,38.981982
-200.0,200,39.018529
-182.0,182,39.01863
-63.0,63,39.018694
-24.0,24,39.018738
-24.0,24,39.018775
-200.0,200,39.079973
-96.0,96,39.080081
-79.0,79,39.080132
-50.0,50,39.080173
-46.0,46,39.080212
-46.0,46,39.08025
-200.0,200,39.183131
-96.0,96,39.183247
-79.0,79,39.183293
-74.0,74,39.183335
-74.0,74,39.183372
-200.0,200,39.222481
-182.0,182,39.222599
-157.0,157,39.222648
-61.0,61,39.222689
-29.0,29,39.222727
-29.0,29,39.222776
-200.0,200,39.284176
-96.0,96,39.284282
-79.0,79,39.284345
-50.0,50,39.284387
-46.0,46,39.284425
-46.0,46,39.284463
-200.0,200,39.297082
-96.0,96,39.297187
-79.0,79,39.297236
-6.0,6,39.297276
-6.0,6,39.297314
-200.0,200,39.344992
-96.0,96,39.345109
-79.0,79,39.345156
-50.0,50,39.345197
-46.0,46,39.345235
-36.0,36,39.345272
-36.0,36,39.345308
-200.0,200,39.429308
-182.0,182,39.429422
-157.0,157,39.429472
-61.0,61,39.429515
-61.0,61,39.429569
-200.0,200,39.476694
-96.0,96,39.476814
-79.0,79,39.476863
-50.0,50,39.47692
-46.0,46,39.476958
-36.0,36,39.476995
-36.0,36,39.477031
-200.0,200,39.491309
-96.0,96,39.491411
-79.0,79,39.491459
-50.0,50,39.491499
-46.0,46,39.491537
-36.0,36,39.491618
-10.0,10,39.491655
-10.0,10,39.491691
-200.0,200,39.531847
-182.0,182,39.531997
-157.0,157,39.532047
-61.0,61,39.532089
-29.0,29,39.532126
-29.0,29,39.532163
-200.0,200,39.617266
-182.0,182,39.617367
-157.0,157,39.617414
-61.0,61,39.617455
-61.0,61,39.617491
-200.0,200,39.631277
-96.0,96,39.631382
-79.0,79,39.631448
-50.0,50,39.63149
-46.0,46,39.631528
-36.0,36,39.631577
-10.0,10,39.631613
-10.0,10,39.63165
-200.0,200,39.734623
-96.0,96,39.734732
-79.0,79,39.734784
-74.0,74,39.734843
-74.0,74,39.734896
-200.0,200,39.768882
-182.0,182,39.768988
-63.0,63,39.769038
-24.0,24,39.769092
-24.0,24,39.769129
-200.0,200,39.782626
-96.0,96,39.782757
-79.0,79,39.782803
-50.0,50,39.782843
-46.0,46,39.782881
-36.0,36,39.782917
-10.0,10,39.782952
-10.0,10,39.782988
-200.0,200,39.791677
-96.0,96,39.791779
-79.0,79,39.791844
-6.0,6,39.791899
-6.0,6,39.791936
-200.0,200,39.840872
-96.0,96,39.841005
-79.0,79,39.841053
-50.0,50,39.841093
-46.0,46,39.841131
-36.0,36,39.841168
-36.0,36,39.841204
-200.0,200,39.94658
-96.0,96,39.946714
-79.0,79,39.946764
-74.0,74,39.94682
-74.0,74,39.946859
-200.0,200,40.024937
-182.0,182,40.025039
-157.0,157,40.025088
-61.0,61,40.025129
-55.0,55,40.025167
-55.0,55,40.025224
-200.0,200,40.026951
-182.0,182,40.02702
-157.0,157,40.027066
-1.0,1,40.027107
-1.0,1,40.027144
-200.0,200,40.065289
-182.0,182,40.065423
-157.0,157,40.06547
-61.0,61,40.06551
-29.0,29,40.065547
-29.0,29,40.065583
-200.0,200,40.166079
-96.0,96,40.166183
-79.0,79,40.16623
-74.0,74,40.166271
-74.0,74,40.166308
-200.0,200,40.269583
-96.0,96,40.269691
-79.0,79,40.269743
-74.0,74,40.269802
-74.0,74,40.269842
-200.0,200,40.278326
-96.0,96,40.27842
-79.0,79,40.278469
-6.0,6,40.278525
-6.0,6,40.278563
-200.0,200,40.31879
-182.0,182,40.318891
-157.0,157,40.318938
-61.0,61,40.318978
-29.0,29,40.319016
-29.0,29,40.319051
-200.0,200,40.320654
-182.0,182,40.320725
-157.0,157,40.320771
-1.0,1,40.320809
-1.0,1,40.320846
-200.0,200,40.406634
-182.0,182,40.406753
-157.0,157,40.406803
-61.0,61,40.40686
-61.0,61,40.406898
-200.0,200,40.455931
-96.0,96,40.456047
-79.0,79,40.456094
-50.0,50,40.456134
-46.0,46,40.456179
-36.0,36,40.456217
-36.0,36,40.456253
-200.0,200,40.457915
-182.0,182,40.457991
-157.0,157,40.458037
-1.0,1,40.458077
-1.0,1,40.458113
-200.0,200,40.459953
-182.0,182,40.46005
-157.0,157,40.460098
-1.0,1,40.460139
-1.0,1,40.460176
-200.0,200,40.474645
-96.0,96,40.474742
-79.0,79,40.474791
-6.0,6,40.474831
-6.0,6,40.474869
-200.0,200,40.551037
-182.0,182,40.551132
-157.0,157,40.551178
-61.0,61,40.551218
-55.0,55,40.551255
-55.0,55,40.55129
-200.0,200,40.652848
-96.0,96,40.65295
-79.0,79,40.652998
-74.0,74,40.65304
-74.0,74,40.653077
-200.0,200,40.721157
-96.0,96,40.721279
-79.0,79,40.721342
-50.0,50,40.721384
-46.0,46,40.721422
-46.0,46,40.721459
-200.0,200,40.782665
-96.0,96,40.782769
-79.0,79,40.782848
-50.0,50,40.782919
-46.0,46,40.782959
-46.0,46,40.782997
-200.0,200,40.788947
-96.0,96,40.789033
-79.0,79,40.789082
-6.0,6,40.789123
-4.0,4,40.789162
-4.0,4,40.789199
-200.0,200,40.892846
-96.0,96,40.892956
-79.0,79,40.893093
-74.0,74,40.893135
-74.0,74,40.893193
-200.0,200,40.894977
-182.0,182,40.895054
-157.0,157,40.8951
-1.0,1,40.89514
-1.0,1,40.895178
-200.0,200,40.971301
-182.0,182,40.97142
-157.0,157,40.971482
-61.0,61,40.971523
-55.0,55,40.97157
-55.0,55,40.971607
-200.0,200,41.054733
-182.0,182,41.054852
-157.0,157,41.054901
-61.0,61,41.054942
-61.0,61,41.054981
-200.0,200,41.140722
-182.0,182,41.140826
-157.0,157,41.140874
-61.0,61,41.140915
-61.0,61,41.140953
-200.0,200,41.146747
-96.0,96,41.146842
-79.0,79,41.146895
-6.0,6,41.146952
-4.0,4,41.14699
-4.0,4,41.147027
-200.0,200,41.227494
-182.0,182,41.227618
-157.0,157,41.227666
-61.0,61,41.227706
-61.0,61,41.227744
-200.0,200,41.233512
-96.0,96,41.233631
-79.0,79,41.233678
-6.0,6,41.233718
-4.0,4,41.233756
-4.0,4,41.233791
-200.0,200,41.335476
-96.0,96,41.335629
-79.0,79,41.335677
-74.0,74,41.335718
-74.0,74,41.335755
-200.0,200,41.34144
-96.0,96,41.341527
-79.0,79,41.341573
-6.0,6,41.341615
-4.0,4,41.341653
-4.0,4,41.341689
-200.0,200,41.356189
-96.0,96,41.356288
-79.0,79,41.356335
-50.0,50,41.356376
-46.0,46,41.356414
-36.0,36,41.356451
-10.0,10,41.356487
-10.0,10,41.356522
-200.0,200,41.409147
-96.0,96,41.409249
-79.0,79,41.409296
-50.0,50,41.409336
-46.0,46,41.409374
-36.0,36,41.409411
-36.0,36,41.409447
-200.0,200,41.441833
-182.0,182,41.441937
-63.0,63,41.441986
-24.0,24,41.442028
-24.0,24,41.442067
-200.0,200,41.504467
-96.0,96,41.504569
-79.0,79,41.504616
-50.0,50,41.504657
-46.0,46,41.504695
-46.0,46,41.504731
-200.0,200,41.606937
-96.0,96,41.607045
-79.0,79,41.607095
-74.0,74,41.607154
-74.0,74,41.607193
-200.0,200,41.68484
-182.0,182,41.68496
-157.0,157,41.685029
-61.0,61,41.685074
-55.0,55,41.685114
-55.0,55,41.685153
-200.0,200,41.748033
-96.0,96,41.748136
-79.0,79,41.748183
-50.0,50,41.748223
-46.0,46,41.748261
-46.0,46,41.748296
-200.0,200,41.82543
-182.0,182,41.825534
-157.0,157,41.825583
-61.0,61,41.825625
-55.0,55,41.825663
-55.0,55,41.8257
-200.0,200,41.889107
-96.0,96,41.889212
-79.0,79,41.889272
-50.0,50,41.889312
-46.0,46,41.889349
-46.0,46,41.889384
-200.0,200,41.895192
-96.0,96,41.895292
-79.0,79,41.895341
-6.0,6,41.895396
-4.0,4,41.895434
-4.0,4,41.895469
-200.0,200,41.928028
-182.0,182,41.928129
-63.0,63,41.928177
-24.0,24,41.928217
-24.0,24,41.928255
-200.0,200,42.031169
-96.0,96,42.031272
-79.0,79,42.031321
-74.0,74,42.031363
-74.0,74,42.031402
-200.0,200,42.069899
-182.0,182,42.070035
-157.0,157,42.070099
-61.0,61,42.070141
-29.0,29,42.070179
-29.0,29,42.070217
-200.0,200,42.113365
-182.0,182,42.113474
-157.0,157,42.113555
-61.0,61,42.113597
-29.0,29,42.113636
-29.0,29,42.113672
-200.0,200,42.152024
-182.0,182,42.152135
-157.0,157,42.152188
-61.0,61,42.152263
-29.0,29,42.152301
-29.0,29,42.152339
-200.0,200,42.214944
-96.0,96,42.215048
-79.0,79,42.215098
-50.0,50,42.215154
-46.0,46,42.215193
-46.0,46,42.215231
-200.0,200,42.318072
-96.0,96,42.318175
-79.0,79,42.318222
-74.0,74,42.318263
-74.0,74,42.318301
-200.0,200,42.421351
-96.0,96,42.421459
-79.0,79,42.421508
-74.0,74,42.421549
-74.0,74,42.421588
-200.0,200,42.523297
-96.0,96,42.523405
-79.0,79,42.523458
-74.0,74,42.523531
-74.0,74,42.523583
-200.0,200,42.529347
-96.0,96,42.52947
-79.0,79,42.529522
-6.0,6,42.529567
-4.0,4,42.52962
-4.0,4,42.529656
-200.0,200,42.628533
-96.0,96,42.628635
-79.0,79,42.628682
-74.0,74,42.628723
-74.0,74,42.628761
-200.0,200,42.646993
-96.0,96,42.64711
-79.0,79,42.647157
-50.0,50,42.647198
-46.0,46,42.647236
-36.0,36,42.647273
-10.0,10,42.647308
-10.0,10,42.647343
-200.0,200,42.720037
-182.0,182,42.720141
-157.0,157,42.720191
-61.0,61,42.720234
-55.0,55,42.720273
-55.0,55,42.72031
-200.0,200,42.735098
-96.0,96,42.7352
-79.0,79,42.735262
-50.0,50,42.735303
-46.0,46,42.735341
-36.0,36,42.735378
-10.0,10,42.735413
-10.0,10,42.735448
-200.0,200,42.741599
-96.0,96,42.741689
-79.0,79,42.741737
-6.0,6,42.741777
-4.0,4,42.741814
-4.0,4,42.74185
-200.0,200,42.747628
-96.0,96,42.74773
-79.0,79,42.747801
-6.0,6,42.747842
-4.0,4,42.74788
-4.0,4,42.747916
-200.0,200,42.754137
-96.0,96,42.754231
-79.0,79,42.754278
-6.0,6,42.754319
-4.0,4,42.754357
-4.0,4,42.754393
-200.0,200,42.806575
-96.0,96,42.806684
-79.0,79,42.806737
-50.0,50,42.806798
-46.0,46,42.806867
-36.0,36,42.806906
-36.0,36,42.806945
-200.0,200,42.855901
-96.0,96,42.856004
-79.0,79,42.856067
-50.0,50,42.856107
-46.0,46,42.856144
-36.0,36,42.85618
-36.0,36,42.856215
-200.0,200,42.862032
-96.0,96,42.862117
-79.0,79,42.862163
-6.0,6,42.862203
-4.0,4,42.862241
-4.0,4,42.862277
-200.0,200,42.930918
-96.0,96,42.931032
-79.0,79,42.931079
-50.0,50,42.931119
-46.0,46,42.931168
-46.0,46,42.931206
-200.0,200,43.005918
-182.0,182,43.006037
-157.0,157,43.006087
-61.0,61,43.006143
-55.0,55,43.006181
-55.0,55,43.006216
-200.0,200,43.071877
-96.0,96,43.07198
-79.0,79,43.072027
-50.0,50,43.072068
-46.0,46,43.072105
-46.0,46,43.072142
-200.0,200,43.078037
-96.0,96,43.078133
-79.0,79,43.078201
-6.0,6,43.078256
-4.0,4,43.078294
-4.0,4,43.078329
-200.0,200,43.117163
-182.0,182,43.117267
-63.0,63,43.117318
-24.0,24,43.117359
-24.0,24,43.117397
-200.0,200,43.179552
-96.0,96,43.17967
-79.0,79,43.179732
-50.0,50,43.179773
-46.0,46,43.179811
-46.0,46,43.179847
-200.0,200,43.18155
-182.0,182,43.181622
-157.0,157,43.181668
-1.0,1,43.181707
-1.0,1,43.181744
-200.0,200,43.195677
-96.0,96,43.195786
-79.0,79,43.195874
-50.0,50,43.195935
-46.0,46,43.195988
-36.0,36,43.196038
-10.0,10,43.19609
-10.0,10,43.196136
-200.0,200,43.219964
-182.0,182,43.220084
-63.0,63,43.220164
-24.0,24,43.220205
-13.0,13,43.220242
-13.0,13,43.220279
-200.0,200,43.226147
-96.0,96,43.226253
-79.0,79,43.2263
-6.0,6,43.226341
-4.0,4,43.226378
-4.0,4,43.226415
-200.0,200,43.264481
-182.0,182,43.264631
-157.0,157,43.264698
-61.0,61,43.264739
-29.0,29,43.264776
-29.0,29,43.264812
-200.0,200,43.278943
-96.0,96,43.279051
-79.0,79,43.279104
-50.0,50,43.279178
-46.0,46,43.279218
-36.0,36,43.279256
-10.0,10,43.279292
-10.0,10,43.279328
-200.0,200,43.29337
-96.0,96,43.29347
-79.0,79,43.293518
-50.0,50,43.293559
-46.0,46,43.293596
-36.0,36,43.293632
-10.0,10,43.293667
-10.0,10,43.293702
-200.0,200,43.374045
-182.0,182,43.374164
-157.0,157,43.374212
-61.0,61,43.374254
-55.0,55,43.374292
-55.0,55,43.374328
-200.0,200,43.435904
-96.0,96,43.436007
-79.0,79,43.436069
-50.0,50,43.436109
-46.0,46,43.436147
-46.0,46,43.436183
-200.0,200,43.502692
-96.0,96,43.502813
-79.0,79,43.502859
-50.0,50,43.502899
-46.0,46,43.502936
-46.0,46,43.502972
-200.0,200,43.55289
-96.0,96,43.552989
-79.0,79,43.553034
-50.0,50,43.553074
-46.0,46,43.553112
-36.0,36,43.553148
-36.0,36,43.553184
-200.0,200,43.62649
-182.0,182,43.626603
-157.0,157,43.626689
-61.0,61,43.626732
-55.0,55,43.62677
-55.0,55,43.626808
-200.0,200,43.730257
-96.0,96,43.730396
-79.0,79,43.73045
-74.0,74,43.730524
-74.0,74,43.730562
-200.0,200,43.792759
-96.0,96,43.79286
-79.0,79,43.792907
-50.0,50,43.792946
-46.0,46,43.792987
-36.0,36,43.793037
-36.0,36,43.793081
-200.0,200,43.842503
-96.0,96,43.842622
-79.0,79,43.842685
-50.0,50,43.842726
-46.0,46,43.842763
-36.0,36,43.842799
-36.0,36,43.842834
-200.0,200,43.881253
-182.0,182,43.881372
-157.0,157,43.881422
-61.0,61,43.881475
-29.0,29,43.881528
-29.0,29,43.881564
-200.0,200,43.8961
-96.0,96,43.896201
-79.0,79,43.896248
-50.0,50,43.896289
-46.0,46,43.896327
-36.0,36,43.896365
-10.0,10,43.8964
-10.0,10,43.896435
-200.0,200,43.940362
-182.0,182,43.940465
-157.0,157,43.940515
-61.0,61,43.940557
-29.0,29,43.940594
-29.0,29,43.94063
-200.0,200,43.946245
-96.0,96,43.946346
-79.0,79,43.946398
-6.0,6,43.946474
-4.0,4,43.946512
-4.0,4,43.946548
-200.0,200,44.02045
-182.0,182,44.020553
-157.0,157,44.020602
-61.0,61,44.020642
-55.0,55,44.02068
-55.0,55,44.020718
-200.0,200,44.05549
-96.0,96,44.055654
-79.0,79,44.055722
-50.0,50,44.055763
-46.0,46,44.0558
-36.0,36,44.055837
-25.0,25,44.055872
-25.0,25,44.055907
-200.0,200,44.109193
-96.0,96,44.109294
-79.0,79,44.10934
-50.0,50,44.109381
-46.0,46,44.109418
-36.0,36,44.109455
-36.0,36,44.109491
-200.0,200,44.18364
-182.0,182,44.183742
-157.0,157,44.183792
-61.0,61,44.183833
-55.0,55,44.183872
-55.0,55,44.183909
-200.0,200,44.201588
-182.0,182,44.20171
-63.0,63,44.201761
-24.0,24,44.201817
-13.0,13,44.201855
-13.0,13,44.201891
-200.0,200,44.268958
-96.0,96,44.269061
-79.0,79,44.26911
-50.0,50,44.269152
-46.0,46,44.26919
-46.0,46,44.269226
-200.0,200,44.331814
-96.0,96,44.331935
-79.0,79,44.332001
-50.0,50,44.332043
-46.0,46,44.332082
-46.0,46,44.33212
-200.0,200,44.337654
-96.0,96,44.337738
-79.0,79,44.337785
-6.0,6,44.337826
-4.0,4,44.337865
-4.0,4,44.337902
-200.0,200,44.403133
-96.0,96,44.403236
-79.0,79,44.403284
-50.0,50,44.403324
-46.0,46,44.403361
-46.0,46,44.403397
-200.0,200,44.506143
-96.0,96,44.506261
-79.0,79,44.50631
-74.0,74,44.506366
-74.0,74,44.506403
-200.0,200,44.567778
-96.0,96,44.567889
-79.0,79,44.567969
-50.0,50,44.56801
-46.0,46,44.568049
-46.0,46,44.568086
-200.0,200,44.648002
-182.0,182,44.64812
-157.0,157,44.648168
-61.0,61,44.648209
-55.0,55,44.648247
-55.0,55,44.648284
-200.0,200,44.711091
-96.0,96,44.711209
-79.0,79,44.711258
-50.0,50,44.711301
-46.0,46,44.711339
-46.0,46,44.711376
-200.0,200,44.746156
-96.0,96,44.746259
-79.0,79,44.746308
-50.0,50,44.74635
-46.0,46,44.746389
-36.0,36,44.746427
-25.0,25,44.746463
-25.0,25,44.746499
-200.0,200,44.847877
-96.0,96,44.847999
-79.0,79,44.848049
-74.0,74,44.848092
-74.0,74,44.848131
-200.0,200,44.881376
-96.0,96,44.881489
-79.0,79,44.881573
-50.0,50,44.881614
-46.0,46,44.881653
-36.0,36,44.881691
-25.0,25,44.881728
-25.0,25,44.881763
-200.0,200,44.95947
-182.0,182,44.95958
-157.0,157,44.959631
-61.0,61,44.959673
-55.0,55,44.959713
-55.0,55,44.959749
-200.0,200,44.99367
-96.0,96,44.993796
-79.0,79,44.99386
-50.0,50,44.993901
-46.0,46,44.993939
-36.0,36,44.993975
-25.0,25,44.994011
-25.0,25,44.994046
-200.0,200,45.080204
-182.0,182,45.080305
-157.0,157,45.080352
-61.0,61,45.080393
-55.0,55,45.080431
-55.0,55,45.080466
-200.0,200,45.129432
-96.0,96,45.129532
-79.0,79,45.129579
-50.0,50,45.12962
-46.0,46,45.129679
-36.0,36,45.129717
-36.0,36,45.129753
-200.0,200,45.13547
-96.0,96,45.135593
-79.0,79,45.135639
-6.0,6,45.135679
-4.0,4,45.135715
-4.0,4,45.135751
-200.0,200,45.173969
-182.0,182,45.174068
-157.0,157,45.174116
-61.0,61,45.174157
-29.0,29,45.174195
-29.0,29,45.174231
-200.0,200,45.226933
-96.0,96,45.227043
-79.0,79,45.227109
-50.0,50,45.227152
-46.0,46,45.227193
-36.0,36,45.227233
-36.0,36,45.227285
-200.0,200,45.241532
-96.0,96,45.241648
-79.0,79,45.241697
-50.0,50,45.241738
-46.0,46,45.241776
-36.0,36,45.241813
-10.0,10,45.241849
-10.0,10,45.241885
-200.0,200,45.255558
-96.0,96,45.255679
-79.0,79,45.255727
-50.0,50,45.255768
-46.0,46,45.255807
-36.0,36,45.255844
-10.0,10,45.25588
-10.0,10,45.255916
-200.0,200,45.270075
-96.0,96,45.270175
-79.0,79,45.270222
-50.0,50,45.270264
-46.0,46,45.270302
-36.0,36,45.270348
-10.0,10,45.270385
-10.0,10,45.270421
-200.0,200,45.275908
-96.0,96,45.276017
-79.0,79,45.276067
-6.0,6,45.276125
-4.0,4,45.276162
-4.0,4,45.276199
-200.0,200,45.356303
-182.0,182,45.356428
-157.0,157,45.356508
-61.0,61,45.356552
-55.0,55,45.356592
-55.0,55,45.356631
-200.0,200,45.455381
-96.0,96,45.45549
-79.0,79,45.455566
-74.0,74,45.455624
-74.0,74,45.455662
-200.0,200,45.52186
-96.0,96,45.521972
-79.0,79,45.522027
-50.0,50,45.5221
-46.0,46,45.522139
-46.0,46,45.522177
-200.0,200,45.528103
-96.0,96,45.528225
-79.0,79,45.52827
-6.0,6,45.52831
-4.0,4,45.528347
-4.0,4,45.528382
-200.0,200,45.542462
-96.0,96,45.542572
-79.0,79,45.542626
-50.0,50,45.542698
-46.0,46,45.542736
-36.0,36,45.542773
-10.0,10,45.542809
-10.0,10,45.542845
-200.0,200,45.646762
-96.0,96,45.646869
-79.0,79,45.646921
-74.0,74,45.646977
-74.0,74,45.647015
-200.0,200,45.695453
-96.0,96,45.695575
-79.0,79,45.695642
-50.0,50,45.695684
-46.0,46,45.695723
-36.0,36,45.695761
-36.0,36,45.695797
-200.0,200,45.762109
-96.0,96,45.762226
-79.0,79,45.762275
-50.0,50,45.762318
-46.0,46,45.762369
-46.0,46,45.762406
-200.0,200,45.79664
-96.0,96,45.796778
-79.0,79,45.796829
-50.0,50,45.7969
-46.0,46,45.796937
-36.0,36,45.796974
-25.0,25,45.797009
-25.0,25,45.797044
-200.0,200,45.84653
-96.0,96,45.84663
-79.0,79,45.846677
-50.0,50,45.846718
-46.0,46,45.846757
-36.0,36,45.846794
-36.0,36,45.84683
-200.0,200,45.950571
-96.0,96,45.950705
-79.0,79,45.950752
-74.0,74,45.950792
-74.0,74,45.95083
-200.0,200,46.000917
-96.0,96,46.001021
-79.0,79,46.001085
-50.0,50,46.001127
-46.0,46,46.001166
-36.0,36,46.001204
-36.0,36,46.001241
-200.0,200,46.039509
-96.0,96,46.039611
-79.0,79,46.039657
-50.0,50,46.039698
-46.0,46,46.039736
-36.0,36,46.039771
-25.0,25,46.039807
-25.0,25,46.039842
-200.0,200,46.058383
-182.0,182,46.058488
-63.0,63,46.058538
-24.0,24,46.058595
-13.0,13,46.058633
-13.0,13,46.05867
-200.0,200,46.131554
-182.0,182,46.131656
-157.0,157,46.131703
-61.0,61,46.131744
-55.0,55,46.131781
-55.0,55,46.131817
-200.0,200,46.207414
-182.0,182,46.207524
-157.0,157,46.207602
-61.0,61,46.207644
-55.0,55,46.207682
-44.0,44,46.207718
-44.0,44,46.207753
-200.0,200,46.281295
-182.0,182,46.281406
-157.0,157,46.28146
-61.0,61,46.281534
-55.0,55,46.281572
-55.0,55,46.281608
-200.0,200,46.336715
-96.0,96,46.336838
-79.0,79,46.336902
-50.0,50,46.336959
-46.0,46,46.337012
-36.0,36,46.337064
-36.0,36,46.337115
-200.0,200,46.385897
-96.0,96,46.386001
-79.0,79,46.38605
-50.0,50,46.386092
-46.0,46,46.386144
-36.0,36,46.38618
-36.0,36,46.386215
-200.0,200,46.391624
-96.0,96,46.391725
-79.0,79,46.391771
-6.0,6,46.391812
-4.0,4,46.39185
-4.0,4,46.391886
-200.0,200,46.450302
-182.0,182,46.450412
-157.0,157,46.450467
-61.0,61,46.450514
-55.0,55,46.450572
-44.0,44,46.450616
-44.0,44,46.450657
-200.0,200,46.464035
-96.0,96,46.464139
-79.0,79,46.464191
-50.0,50,46.464236
-46.0,46,46.464278
-36.0,36,46.464318
-10.0,10,46.464357
-10.0,10,46.464396
-200.0,200,46.482573
-96.0,96,46.482684
-79.0,79,46.482737
-50.0,50,46.482782
-46.0,46,46.482824
-36.0,36,46.482865
-10.0,10,46.482904
-10.0,10,46.482944
-200.0,200,46.516101
-96.0,96,46.516214
-79.0,79,46.516271
-50.0,50,46.51632
-46.0,46,46.516366
-36.0,36,46.51641
-25.0,25,46.516453
-25.0,25,46.516495
-200.0,200,46.534302
-182.0,182,46.534399
-63.0,63,46.534448
-24.0,24,46.534491
-13.0,13,46.53453
-13.0,13,46.534568
-200.0,200,46.548974
-96.0,96,46.549083
-79.0,79,46.549163
-50.0,50,46.549204
-46.0,46,46.549242
-36.0,36,46.54928
-10.0,10,46.549315
-10.0,10,46.549351
-200.0,200,46.56674
-182.0,182,46.566851
-63.0,63,46.566899
-24.0,24,46.56694
-13.0,13,46.566978
-13.0,13,46.567015
-200.0,200,46.572808
-96.0,96,46.572938
-79.0,79,46.572984
-6.0,6,46.573024
-4.0,4,46.573062
-4.0,4,46.573097
-200.0,200,46.606754
-96.0,96,46.606869
-79.0,79,46.606917
-50.0,50,46.606959
-46.0,46,46.606997
-36.0,36,46.607035
-25.0,25,46.607072
-25.0,25,46.607108
-200.0,200,46.716781
-96.0,96,46.716883
-79.0,79,46.716929
-74.0,74,46.716969
-74.0,74,46.717006
-200.0,200,46.771221
-96.0,96,46.77132
-79.0,79,46.771367
-50.0,50,46.771408
-46.0,46,46.771447
-36.0,36,46.771484
-36.0,36,46.77152
-200.0,200,46.858983
-96.0,96,46.859097
-79.0,79,46.859144
-74.0,74,46.859185
-65.0,65,46.859223
-65.0,65,46.85926
-200.0,200,46.937989
-182.0,182,46.938116
-157.0,157,46.938183
-61.0,61,46.938225
-55.0,55,46.938264
-55.0,55,46.938301
-200.0,200,46.99768
-182.0,182,46.997783
-157.0,157,46.997832
-61.0,61,46.997873
-55.0,55,46.99791
-44.0,44,46.997946
-44.0,44,46.997982
-200.0,200,47.089376
-96.0,96,47.089478
-79.0,79,47.089526
-74.0,74,47.089567
-65.0,65,47.089606
-65.0,65,47.089643
-200.0,200,47.149417
-182.0,182,47.149518
-157.0,157,47.149566
-61.0,61,47.149607
-55.0,55,47.149645
-44.0,44,47.149681
-44.0,44,47.149716
-200.0,200,47.241498
-96.0,96,47.241623
-79.0,79,47.24169
-74.0,74,47.241747
-65.0,65,47.241786
-65.0,65,47.241822
-200.0,200,47.259872
-182.0,182,47.25999
-63.0,63,47.260056
-24.0,24,47.260112
-13.0,13,47.260149
-13.0,13,47.260185
-200.0,200,47.308791
-96.0,96,47.308892
-79.0,79,47.30894
-50.0,50,47.308982
-46.0,46,47.309021
-36.0,36,47.309059
-36.0,36,47.309096
-200.0,200,47.331465
-182.0,182,47.331579
-157.0,157,47.331643
-61.0,61,47.331683
-55.0,55,47.331721
-44.0,44,47.331757
-13.0,13,47.331791
-13.0,13,47.331825
-200.0,200,47.366671
-96.0,96,47.36677
-79.0,79,47.366818
-50.0,50,47.366859
-46.0,46,47.366897
-36.0,36,47.366934
-25.0,25,47.366971
-25.0,25,47.367006
-200.0,200,47.455509
-96.0,96,47.455634
-79.0,79,47.455688
-74.0,74,47.455775
-65.0,65,47.455815
-65.0,65,47.455853
-200.0,200,47.537212
-182.0,182,47.537314
-157.0,157,47.537363
-61.0,61,47.537404
-55.0,55,47.537442
-55.0,55,47.537479
-200.0,200,47.57738
-182.0,182,47.577489
-157.0,157,47.577543
-61.0,61,47.577614
-29.0,29,47.577651
-29.0,29,47.577687
-200.0,200,47.595653
-182.0,182,47.595812
-157.0,157,47.595915
-61.0,61,47.595961
-55.0,55,47.596002
-44.0,44,47.596042
-13.0,13,47.596081
-13.0,13,47.596119
-200.0,200,47.661029
-182.0,182,47.661148
-157.0,157,47.661196
-61.0,61,47.661237
-55.0,55,47.661274
-44.0,44,47.66131
-44.0,44,47.661346
-200.0,200,47.753904
-96.0,96,47.754037
-79.0,79,47.754091
-74.0,74,47.754152
-65.0,65,47.754193
-65.0,65,47.754232
-200.0,200,47.789266
-96.0,96,47.789389
-79.0,79,47.78944
-50.0,50,47.789496
-46.0,46,47.789534
-36.0,36,47.789571
-25.0,25,47.789607
-25.0,25,47.789643
-200.0,200,47.823595
-96.0,96,47.823712
-79.0,79,47.823758
-50.0,50,47.823799
-46.0,46,47.823838
-36.0,36,47.823875
-25.0,25,47.82391
-25.0,25,47.823946
-200.0,200,47.902819
-182.0,182,47.902936
-157.0,157,47.902983
-61.0,61,47.903024
-55.0,55,47.903061
-55.0,55,47.903097
-200.0,200,47.977892
-182.0,182,47.977993
-157.0,157,47.97804
-61.0,61,47.97808
-55.0,55,47.978117
-55.0,55,47.978153
-200.0,200,48.026538
-96.0,96,48.026671
-79.0,79,48.026754
-50.0,50,48.026795
-46.0,46,48.026833
-36.0,36,48.026869
-36.0,36,48.026904
-200.0,200,48.037247
-96.0,96,48.037358
-79.0,79,48.037406
-6.0,6,48.037446
-4.0,4,48.037485
-4.0,4,48.037522
-200.0,200,48.077249
-182.0,182,48.077349
-157.0,157,48.077395
-61.0,61,48.077436
-29.0,29,48.077473
-29.0,29,48.077509
-200.0,200,48.112147
-96.0,96,48.112253
-79.0,79,48.112314
-50.0,50,48.112354
-46.0,46,48.112392
-36.0,36,48.112428
-25.0,25,48.112464
-25.0,25,48.112514
-200.0,200,48.190459
-182.0,182,48.190583
-157.0,157,48.190635
-61.0,61,48.190693
-55.0,55,48.190732
-55.0,55,48.19077
-200.0,200,48.224953
-96.0,96,48.225074
-79.0,79,48.225122
-50.0,50,48.225164
-46.0,46,48.225203
-36.0,36,48.22524
-25.0,25,48.225277
-25.0,25,48.225313
-200.0,200,48.263692
-182.0,182,48.263813
-157.0,157,48.263862
-61.0,61,48.263919
-29.0,29,48.263956
-29.0,29,48.263992
-200.0,200,48.277728
-96.0,96,48.277822
-79.0,79,48.277883
-50.0,50,48.277922
-46.0,46,48.277959
-36.0,36,48.277995
-10.0,10,48.27803
-10.0,10,48.278073
-200.0,200,48.296977
-182.0,182,48.297081
-157.0,157,48.297129
-61.0,61,48.297171
-55.0,55,48.297208
-44.0,44,48.297244
-13.0,13,48.297278
-13.0,13,48.297313
-200.0,200,48.31929
-182.0,182,48.319394
-63.0,63,48.319484
-24.0,24,48.319524
-13.0,13,48.319576
-13.0,13,48.319614
-200.0,200,48.358974
-182.0,182,48.359092
-157.0,157,48.359141
-61.0,61,48.359181
-29.0,29,48.359218
-29.0,29,48.359255
-200.0,200,48.37292
-96.0,96,48.373032
-79.0,79,48.373113
-50.0,50,48.373186
-46.0,46,48.373223
-36.0,36,48.37326
-10.0,10,48.373295
-10.0,10,48.37333
-200.0,200,48.42132
-96.0,96,48.421456
-79.0,79,48.421502
-50.0,50,48.421543
-46.0,46,48.421579
-36.0,36,48.421615
-36.0,36,48.42165
-200.0,200,48.513215
-96.0,96,48.513319
-79.0,79,48.513366
-74.0,74,48.513406
-65.0,65,48.513443
-65.0,65,48.513479
-200.0,200,48.58817
-182.0,182,48.588276
-157.0,157,48.588338
-61.0,61,48.588378
-55.0,55,48.588416
-55.0,55,48.588452
-200.0,200,48.667453
-182.0,182,48.667589
-157.0,157,48.667642
-61.0,61,48.6677
-55.0,55,48.667738
-55.0,55,48.667775
-200.0,200,48.728093
-96.0,96,48.728197
-79.0,79,48.728245
-50.0,50,48.728287
-46.0,46,48.728325
-36.0,36,48.728362
-36.0,36,48.728398
-200.0,200,48.817051
-182.0,182,48.817156
-157.0,157,48.817221
-61.0,61,48.817279
-55.0,55,48.817317
-55.0,55,48.817354
-200.0,200,48.823008
-96.0,96,48.823093
-79.0,79,48.823139
-6.0,6,48.82318
-4.0,4,48.823218
-4.0,4,48.823254
-200.0,200,48.873036
-96.0,96,48.873135
-79.0,79,48.873182
-50.0,50,48.873222
-46.0,46,48.873259
-36.0,36,48.873296
-36.0,36,48.873332
-200.0,200,48.891571
-182.0,182,48.891674
-157.0,157,48.891722
-61.0,61,48.891762
-55.0,55,48.8918
-44.0,44,48.891837
-13.0,13,48.891872
-13.0,13,48.891906
-200.0,200,48.931201
-182.0,182,48.931328
-157.0,157,48.931378
-61.0,61,48.931438
-55.0,55,48.931477
-25.0,25,48.931514
-25.0,25,48.93156
-200.0,200,48.966504
-182.0,182,48.966618
-157.0,157,48.966665
-61.0,61,48.966707
-55.0,55,48.966746
-25.0,25,48.966783
-25.0,25,48.966819
-200.0,200,49.058791
-96.0,96,49.058907
-79.0,79,49.058954
-74.0,74,49.058995
-65.0,65,49.059034
-65.0,65,49.05907
-200.0,200,49.093645
-96.0,96,49.093782
-79.0,79,49.093834
-50.0,50,49.09389
-46.0,46,49.093928
-36.0,36,49.093966
-25.0,25,49.094002
-25.0,25,49.094037
-200.0,200,49.11193
-182.0,182,49.112033
-157.0,157,49.112096
-61.0,61,49.112138
-55.0,55,49.112177
-44.0,44,49.112213
-13.0,13,49.112249
-13.0,13,49.112284
-200.0,200,49.161307
-96.0,96,49.161408
-79.0,79,49.161455
-50.0,50,49.161495
-46.0,46,49.161534
-36.0,36,49.161571
-36.0,36,49.161608
-200.0,200,49.225284
-182.0,182,49.225388
-157.0,157,49.225437
-61.0,61,49.225479
-55.0,55,49.225518
-44.0,44,49.225554
-44.0,44,49.22559
-200.0,200,49.313128
-96.0,96,49.313242
-79.0,79,49.313291
-74.0,74,49.313334
-65.0,65,49.313372
-65.0,65,49.31341
-200.0,200,49.319472
-96.0,96,49.319568
-79.0,79,49.319616
-6.0,6,49.319657
-4.0,4,49.319695
-4.0,4,49.319731
-200.0,200,49.359025
-182.0,182,49.359144
-157.0,157,49.359192
-61.0,61,49.359234
-55.0,55,49.359273
-25.0,25,49.359309
-25.0,25,49.359344
-200.0,200,49.377287
-182.0,182,49.377411
-63.0,63,49.377476
-24.0,24,49.377517
-13.0,13,49.377554
-13.0,13,49.37759
-200.0,200,49.399242
-96.0,96,49.399342
-79.0,79,49.39939
-50.0,50,49.399431
-46.0,46,49.39947
-36.0,36,49.399508
-16.0,16,49.399566
-16.0,16,49.399619
-200.0,200,49.405935
-96.0,96,49.406055
-79.0,79,49.406117
-6.0,6,49.406157
-4.0,4,49.406195
-4.0,4,49.406231
-200.0,200,49.497348
-96.0,96,49.497464
-79.0,79,49.497512
-74.0,74,49.497553
-65.0,65,49.497591
-65.0,65,49.497627
-200.0,200,49.557082
-182.0,182,49.557203
-157.0,157,49.557254
-61.0,61,49.557297
-55.0,55,49.557337
-44.0,44,49.557374
-44.0,44,49.557411
-200.0,200,49.592336
-182.0,182,49.592458
-157.0,157,49.592509
-61.0,61,49.592565
-55.0,55,49.592604
-25.0,25,49.59264
-25.0,25,49.592676
-200.0,200,49.631
-96.0,96,49.6311
-79.0,79,49.631147
-50.0,50,49.631189
-46.0,46,49.631235
-36.0,36,49.631272
-25.0,25,49.631308
-25.0,25,49.631343
-200.0,200,49.645306
-96.0,96,49.645405
-79.0,79,49.645467
-50.0,50,49.645507
-46.0,46,49.645545
-36.0,36,49.645581
-10.0,10,49.645617
-10.0,10,49.645652
-200.0,200,49.660504
-96.0,96,49.660624
-79.0,79,49.660672
-50.0,50,49.660715
-46.0,46,49.660754
-36.0,36,49.660791
-10.0,10,49.660828
-10.0,10,49.660864
-200.0,200,49.695608
-182.0,182,49.69574
-157.0,157,49.695804
-61.0,61,49.695846
-55.0,55,49.695884
-25.0,25,49.69592
-25.0,25,49.695956
-200.0,200,49.701602
-96.0,96,49.701707
-79.0,79,49.701774
-6.0,6,49.701816
-4.0,4,49.701854
-4.0,4,49.70189
-200.0,200,49.765563
-182.0,182,49.765667
-157.0,157,49.765717
-61.0,61,49.765759
-55.0,55,49.765797
-44.0,44,49.765834
-44.0,44,49.765871
-200.0,200,49.801177
-182.0,182,49.801282
-157.0,157,49.801331
-61.0,61,49.801373
-55.0,55,49.801412
-25.0,25,49.801449
-25.0,25,49.801486
-200.0,200,49.835643
-182.0,182,49.835753
-157.0,157,49.83582
-61.0,61,49.835876
-55.0,55,49.835914
-25.0,25,49.83595
-25.0,25,49.835985
-200.0,200,49.853419
-182.0,182,49.85352
-63.0,63,49.853573
-24.0,24,49.853646
-13.0,13,49.853684
-13.0,13,49.85372
-200.0,200,49.917076
-182.0,182,49.917195
-157.0,157,49.917278
-61.0,61,49.917319
-55.0,55,49.917356
-44.0,44,49.917392
-44.0,44,49.917427
-200.0,200,49.939812
-96.0,96,49.939916
-79.0,79,49.939979
-50.0,50,49.94002
-46.0,46,49.940057
-36.0,36,49.940093
-16.0,16,49.940129
-16.0,16,49.940164
-200.0,200,49.96218
-96.0,96,49.962297
-79.0,79,49.962353
-50.0,50,49.962428
-46.0,46,49.962467
-36.0,36,49.962504
-16.0,16,49.962541
-16.0,16,49.962577
-200.0,200,50.010156
-96.0,96,50.010265
-79.0,79,50.010318
-50.0,50,50.010391
-46.0,46,50.010429
-36.0,36,50.010466
-36.0,36,50.010502
-200.0,200,50.049977
-96.0,96,50.050087
-79.0,79,50.050151
-50.0,50,50.050193
-46.0,46,50.050232
-36.0,36,50.05027
-25.0,25,50.050308
-25.0,25,50.050344
-200.0,200,50.084469
-182.0,182,50.084571
-157.0,157,50.08462
-61.0,61,50.084661
-55.0,55,50.084699
-25.0,25,50.084735
-25.0,25,50.08477
-200.0,200,50.172127
-96.0,96,50.172235
-79.0,79,50.172303
-74.0,74,50.17236
-65.0,65,50.172398
-65.0,65,50.172436
-200.0,200,50.200264
-96.0,96,50.200402
-79.0,79,50.200456
-50.0,50,50.2005
-46.0,46,50.200554
-36.0,36,50.20059
-16.0,16,50.200626
-16.0,16,50.200661
-200.0,200,50.206997
-96.0,96,50.207107
-79.0,79,50.207154
-6.0,6,50.207195
-4.0,4,50.207234
-4.0,4,50.207271
-200.0,200,50.213004
-96.0,96,50.213109
-79.0,79,50.21316
-6.0,6,50.213218
-4.0,4,50.213257
-4.0,4,50.213294
-200.0,200,50.246904
-182.0,182,50.247005
-157.0,157,50.247052
-61.0,61,50.247093
-55.0,55,50.247131
-25.0,25,50.247167
-25.0,25,50.247202
-200.0,200,50.295808
-96.0,96,50.295912
-79.0,79,50.295962
-50.0,50,50.296018
-46.0,46,50.296056
-36.0,36,50.296092
-36.0,36,50.296128
-200.0,200,50.349344
-96.0,96,50.349446
-79.0,79,50.349492
-50.0,50,50.349532
-46.0,46,50.349571
-36.0,36,50.349607
-36.0,36,50.349643
-200.0,200,50.364653
-96.0,96,50.364762
-79.0,79,50.364829
-50.0,50,50.364886
-46.0,46,50.364925
-36.0,36,50.364962
-10.0,10,50.364998
-10.0,10,50.365034
-200.0,200,50.387182
-96.0,96,50.387296
-79.0,79,50.387344
-50.0,50,50.387386
-46.0,46,50.387424
-36.0,36,50.38746
-16.0,16,50.387496
-16.0,16,50.387531
-200.0,200,50.409001
-96.0,96,50.409109
-79.0,79,50.409175
-50.0,50,50.409217
-46.0,46,50.409257
-36.0,36,50.409295
-16.0,16,50.409333
-16.0,16,50.409384
-200.0,200,50.42763
-182.0,182,50.427735
-157.0,157,50.427786
-61.0,61,50.427842
-55.0,55,50.42788
-44.0,44,50.427916
-13.0,13,50.427951
-13.0,13,50.427986
-200.0,200,50.44509
-182.0,182,50.445207
-63.0,63,50.445271
-24.0,24,50.445313
-13.0,13,50.445351
-13.0,13,50.445389
-200.0,200,50.459469
-96.0,96,50.459611
-79.0,79,50.459659
-50.0,50,50.459701
-46.0,46,50.459739
-36.0,36,50.459776
-10.0,10,50.459812
-10.0,10,50.459847
-200.0,200,50.498281
-96.0,96,50.498391
-79.0,79,50.498457
-50.0,50,50.4985
-46.0,46,50.498551
-36.0,36,50.49859
-25.0,25,50.498627
-25.0,25,50.498664
-200.0,200,50.585938
-96.0,96,50.586042
-79.0,79,50.58609
-74.0,74,50.586133
-65.0,65,50.586172
-65.0,65,50.58621
-200.0,200,50.678529
-96.0,96,50.678635
-79.0,79,50.678687
-74.0,74,50.678732
-65.0,65,50.678786
-65.0,65,50.678824
-200.0,200,50.771455
-96.0,96,50.771567
-79.0,79,50.771617
-74.0,74,50.771658
-65.0,65,50.771696
-65.0,65,50.771733
-200.0,200,50.785659
-96.0,96,50.785778
-79.0,79,50.785827
-50.0,50,50.785885
-46.0,46,50.785921
-36.0,36,50.785957
-10.0,10,50.785993
-10.0,10,50.786027
-200.0,200,50.819786
-182.0,182,50.819896
-157.0,157,50.819962
-61.0,61,50.820018
-55.0,55,50.820056
-25.0,25,50.820093
-25.0,25,50.820128
-200.0,200,50.838441
-182.0,182,50.838542
-157.0,157,50.83859
-61.0,61,50.838632
-55.0,55,50.838671
-44.0,44,50.838708
-13.0,13,50.838744
-13.0,13,50.838781
-200.0,200,50.844594
-96.0,96,50.8447
-79.0,79,50.844748
-6.0,6,50.844804
-4.0,4,50.844841
-4.0,4,50.844876
-200.0,200,50.866439
-96.0,96,50.866549
-79.0,79,50.866616
-50.0,50,50.866672
-46.0,46,50.866711
-36.0,36,50.866748
-16.0,16,50.866784
-16.0,16,50.86682
-200.0,200,50.872828
-96.0,96,50.872918
-79.0,79,50.872966
-6.0,6,50.873007
-4.0,4,50.873046
-4.0,4,50.873083
-200.0,200,50.936866
-182.0,182,50.936993
-157.0,157,50.937773
-61.0,61,50.937818
-55.0,55,50.937858
-44.0,44,50.937896
-44.0,44,50.937934
-200.0,200,50.955786
-182.0,182,50.955888
-63.0,63,50.955937
-24.0,24,50.955979
-13.0,13,50.956017
-13.0,13,50.956054
-200.0,200,51.005175
-96.0,96,51.005291
-79.0,79,51.005339
-50.0,50,51.00538
-46.0,46,51.005419
-36.0,36,51.005457
-36.0,36,51.005494
-200.0,200,51.023021
-182.0,182,51.023169
-63.0,63,51.02322
-24.0,24,51.023262
-13.0,13,51.023302
-13.0,13,51.023339
-200.0,200,51.029037
-96.0,96,51.029138
-79.0,79,51.029185
-6.0,6,51.029225
-4.0,4,51.029262
-4.0,4,51.029299
-200.0,200,51.092733
-182.0,182,51.092838
-157.0,157,51.092887
-61.0,61,51.092929
-55.0,55,51.092967
-44.0,44,51.093004
-44.0,44,51.09304
-200.0,200,51.11079
-182.0,182,51.110897
-63.0,63,51.110949
-24.0,24,51.11102
-13.0,13,51.111057
-13.0,13,51.111093
-200.0,200,51.202229
-96.0,96,51.202337
-79.0,79,51.202387
-74.0,74,51.202443
-65.0,65,51.202481
-65.0,65,51.202518
-200.0,200,51.225056
-96.0,96,51.225159
-79.0,79,51.225206
-50.0,50,51.225248
-46.0,46,51.225287
-36.0,36,51.225325
-16.0,16,51.225362
-16.0,16,51.225398
-200.0,200,51.259045
-96.0,96,51.259161
-79.0,79,51.259207
-50.0,50,51.259248
-46.0,46,51.259297
-36.0,36,51.259336
-25.0,25,51.259371
-25.0,25,51.259406
-200.0,200,51.273341
-96.0,96,51.273442
-79.0,79,51.27349
-50.0,50,51.273531
-46.0,46,51.27357
-36.0,36,51.273607
-10.0,10,51.273642
-10.0,10,51.273678
-200.0,200,51.308137
-182.0,182,51.308253
-157.0,157,51.308301
-61.0,61,51.308343
-55.0,55,51.308382
-25.0,25,51.308419
-25.0,25,51.308455
-200.0,200,51.318691
-96.0,96,51.318813
-79.0,79,51.318877
-6.0,6,51.318918
-4.0,4,51.318955
-4.0,4,51.318992
-200.0,200,51.353502
-182.0,182,51.353624
-157.0,157,51.353675
-61.0,61,51.353733
-55.0,55,51.353771
-25.0,25,51.353809
-25.0,25,51.353845
-200.0,200,51.371445
-182.0,182,51.371568
-63.0,63,51.371632
-24.0,24,51.371674
-13.0,13,51.371712
-13.0,13,51.371748
-200.0,200,51.419614
-96.0,96,51.419713
-79.0,79,51.41976
-50.0,50,51.419801
-46.0,46,51.419839
-36.0,36,51.419875
-36.0,36,51.419912
-200.0,200,51.438227
-182.0,182,51.438334
-63.0,63,51.438398
-24.0,24,51.438439
-13.0,13,51.438475
-13.0,13,51.438512
-200.0,200,51.461373
-182.0,182,51.461472
-63.0,63,51.461521
-24.0,24,51.461564
-13.0,13,51.461602
-13.0,13,51.46164
-200.0,200,51.479689
-182.0,182,51.479797
-157.0,157,51.479861
-61.0,61,51.479902
-55.0,55,51.47994
-44.0,44,51.479977
-13.0,13,51.480012
-13.0,13,51.480047
-200.0,200,51.529341
-96.0,96,51.529442
-79.0,79,51.529489
-50.0,50,51.529529
-46.0,46,51.529567
-36.0,36,51.529603
-36.0,36,51.529638
-200.0,200,51.535232
-96.0,96,51.535331
-79.0,79,51.535386
-6.0,6,51.535428
-4.0,4,51.535466
-4.0,4,51.535501
-200.0,200,51.569259
-182.0,182,51.569377
-157.0,157,51.569427
-61.0,61,51.569484
-55.0,55,51.569522
-25.0,25,51.569558
-25.0,25,51.569593
-200.0,200,51.608551
-96.0,96,51.608651
-79.0,79,51.608699
-50.0,50,51.608741
-46.0,46,51.608779
-36.0,36,51.608817
-25.0,25,51.608853
-25.0,25,51.608888
-200.0,200,51.626672
-182.0,182,51.626787
-157.0,157,51.626834
-61.0,61,51.626875
-55.0,55,51.626913
-44.0,44,51.626949
-13.0,13,51.626985
-13.0,13,51.62702
-200.0,200,51.641296
-96.0,96,51.641396
-79.0,79,51.641443
-50.0,50,51.641483
-46.0,46,51.641521
-36.0,36,51.641558
-10.0,10,51.641594
-10.0,10,51.64163
-200.0,200,51.64759
-96.0,96,51.647696
-79.0,79,51.647744
-6.0,6,51.647783
-4.0,4,51.64782
-4.0,4,51.647855
-200.0,200,51.662378
-96.0,96,51.662472
-79.0,79,51.66252
-50.0,50,51.662561
-46.0,46,51.6626
-36.0,36,51.662637
-10.0,10,51.662673
-10.0,10,51.662709
-200.0,200,51.697929
-96.0,96,51.698031
-79.0,79,51.698078
-50.0,50,51.69812
-46.0,46,51.698159
-36.0,36,51.698196
-25.0,25,51.698233
-25.0,25,51.698268
-200.0,200,51.713283
-96.0,96,51.713388
-79.0,79,51.713434
-50.0,50,51.713475
-46.0,46,51.713512
-36.0,36,51.713549
-10.0,10,51.713584
-10.0,10,51.71362
-200.0,200,51.751892
-96.0,96,51.751992
-79.0,79,51.752055
-50.0,50,51.752097
-46.0,46,51.752136
-36.0,36,51.752173
-25.0,25,51.752213
-25.0,25,51.752249
-200.0,200,51.758501
-96.0,96,51.75862
-79.0,79,51.758667
-6.0,6,51.758707
-4.0,4,51.758745
-4.0,4,51.758782
-200.0,200,51.776685
-182.0,182,51.776783
-157.0,157,51.776831
-61.0,61,51.776873
-55.0,55,51.776911
-44.0,44,51.776948
-13.0,13,51.776984
-13.0,13,51.777019
-200.0,200,51.798842
-96.0,96,51.798964
-79.0,79,51.799014
-50.0,50,51.79907
-46.0,46,51.799108
-36.0,36,51.799144
-16.0,16,51.799179
-16.0,16,51.799214
-200.0,200,51.81297
-96.0,96,51.813072
-79.0,79,51.813125
-50.0,50,51.813214
-46.0,46,51.813255
-36.0,36,51.813295
-10.0,10,51.813334
-10.0,10,51.813372
-200.0,200,51.831638
-182.0,182,51.831738
-157.0,157,51.831787
-61.0,61,51.831829
-55.0,55,51.831868
-44.0,44,51.831906
-13.0,13,51.831942
-13.0,13,51.831978
-200.0,200,51.86631
-96.0,96,51.866432
-79.0,79,51.86648
-50.0,50,51.866522
-46.0,46,51.866576
-36.0,36,51.866612
-25.0,25,51.866647
-25.0,25,51.866682
-200.0,200,51.906558
-96.0,96,51.906676
-79.0,79,51.906724
-50.0,50,51.906765
-46.0,46,51.906804
-36.0,36,51.906841
-25.0,25,51.906877
-25.0,25,51.906913
-200.0,200,51.924998
-182.0,182,51.9251
-63.0,63,51.925162
-24.0,24,51.925204
-13.0,13,51.925242
-13.0,13,51.925278
-200.0,200,51.947126
-96.0,96,51.947234
-79.0,79,51.947299
-50.0,50,51.94734
-46.0,46,51.947378
-36.0,36,51.947413
-16.0,16,51.947448
-16.0,16,51.947482
-200.0,200,52.006099
-182.0,182,52.006237
-157.0,157,52.006292
-61.0,61,52.006366
-55.0,55,52.006406
-44.0,44,52.006443
-44.0,44,52.006479
-200.0,200,52.070307
-182.0,182,52.070411
-157.0,157,52.070461
-61.0,61,52.070505
-55.0,55,52.070544
-44.0,44,52.070583
-44.0,44,52.070621
-200.0,200,52.104974
-96.0,96,52.105087
-79.0,79,52.105137
-50.0,50,52.105179
-46.0,46,52.105217
-36.0,36,52.105254
-25.0,25,52.10529
-25.0,25,52.105326
-200.0,200,52.207988
-96.0,96,52.208108
-79.0,79,52.208157
-74.0,74,52.208199
-65.0,65,52.208242
-65.0,65,52.208281
-200.0,200,52.227137
-182.0,182,52.227238
-157.0,157,52.227287
-61.0,61,52.227329
-55.0,55,52.227367
-44.0,44,52.227404
-13.0,13,52.227441
-13.0,13,52.227477
-200.0,200,52.24964
-96.0,96,52.249744
-79.0,79,52.249793
-50.0,50,52.249835
-46.0,46,52.249874
-36.0,36,52.249912
-16.0,16,52.249948
-16.0,16,52.249984
-200.0,200,52.268225
-182.0,182,52.268328
-157.0,157,52.268378
-61.0,61,52.26842
-55.0,55,52.268461
-44.0,44,52.268515
-13.0,13,52.268569
-13.0,13,52.268619
-200.0,200,52.290705
-96.0,96,52.29082
-79.0,79,52.290866
-50.0,50,52.290906
-46.0,46,52.290944
-36.0,36,52.29098
-16.0,16,52.291015
-16.0,16,52.291049
-200.0,200,52.309516
-182.0,182,52.309618
-63.0,63,52.309673
-24.0,24,52.309716
-13.0,13,52.309754
-13.0,13,52.309791
-200.0,200,52.348212
-182.0,182,52.348316
-157.0,157,52.348363
-61.0,61,52.348403
-55.0,55,52.348441
-25.0,25,52.348477
-25.0,25,52.348512
-200.0,200,52.36692
-182.0,182,52.367019
-63.0,63,52.367068
-24.0,24,52.367108
-13.0,13,52.367145
-13.0,13,52.367181
-200.0,200,52.453691
-96.0,96,52.453801
-79.0,79,52.453855
-74.0,74,52.453929
-65.0,65,52.453967
-65.0,65,52.454003
-200.0,200,52.545742
-96.0,96,52.545848
-79.0,79,52.545895
-74.0,74,52.545937
-65.0,65,52.545975
-65.0,65,52.546012
-200.0,200,52.579903
-182.0,182,52.580007
-157.0,157,52.580057
-61.0,61,52.580099
-55.0,55,52.580138
-25.0,25,52.580174
-25.0,25,52.58021
-200.0,200,52.644299
-182.0,182,52.644412
-157.0,157,52.644492
-61.0,61,52.644534
-55.0,55,52.644572
-44.0,44,52.644607
-44.0,44,52.644643
-200.0,200,52.662766
-182.0,182,52.662875
-63.0,63,52.662942
-24.0,24,52.662998
-13.0,13,52.663037
-13.0,13,52.663073
-200.0,200,52.681301
-182.0,182,52.681418
-157.0,157,52.681467
-61.0,61,52.681509
-55.0,55,52.681548
-44.0,44,52.681586
-13.0,13,52.681621
-13.0,13,52.681657
-200.0,200,52.699794
-182.0,182,52.699893
-157.0,157,52.699942
-61.0,61,52.699984
-55.0,55,52.700022
-44.0,44,52.700059
-13.0,13,52.700095
-13.0,13,52.70013
-200.0,200,52.714842
-96.0,96,52.714944
-79.0,79,52.714994
-50.0,50,52.715048
-46.0,46,52.715086
-36.0,36,52.715123
-10.0,10,52.715158
-10.0,10,52.715194
-200.0,200,52.779845
-96.0,96,52.779946
-79.0,79,52.779993
-74.0,74,52.780035
-65.0,65,52.780074
-44.0,44,52.780111
-44.0,44,52.780147
-200.0,200,52.801528
-96.0,96,52.801629
-79.0,79,52.801675
-50.0,50,52.801716
-46.0,46,52.801755
-36.0,36,52.801792
-16.0,16,52.801827
-16.0,16,52.801863
-200.0,200,52.835787
-96.0,96,52.835888
-79.0,79,52.835934
-50.0,50,52.835974
-46.0,46,52.836011
-36.0,36,52.836047
-25.0,25,52.836082
-25.0,25,52.836117
-200.0,200,52.842039
-96.0,96,52.842153
-79.0,79,52.8422
-6.0,6,52.84224
-4.0,4,52.842278
-4.0,4,52.842313
-200.0,200,52.876285
-96.0,96,52.876392
-79.0,79,52.876445
-50.0,50,52.87653
-46.0,46,52.87657
-36.0,36,52.876608
-25.0,25,52.876646
-25.0,25,52.876682
-200.0,200,52.903348
-96.0,96,52.903455
-79.0,79,52.903505
-50.0,50,52.903558
-46.0,46,52.903613
-36.0,36,52.90365
-16.0,16,52.903686
-16.0,16,52.903722
-200.0,200,52.96258
-96.0,96,52.962684
-79.0,79,52.962734
-74.0,74,52.962778
-65.0,65,52.962818
-44.0,44,52.962857
-44.0,44,52.962895
-200.0,200,52.996949
-182.0,182,52.997058
-157.0,157,52.997112
-61.0,61,52.997173
-55.0,55,52.997227
-25.0,25,52.997263
-25.0,25,52.997298
-200.0,200,53.014963
-182.0,182,53.015067
-63.0,63,53.01512
-24.0,24,53.015192
-13.0,13,53.015229
-13.0,13,53.015265
-200.0,200,53.080086
-96.0,96,53.080188
-79.0,79,53.080235
-74.0,74,53.080276
-65.0,65,53.080315
-44.0,44,53.080351
-44.0,44,53.080386
-200.0,200,53.114379
-96.0,96,53.114489
-79.0,79,53.114541
-50.0,50,53.1146
-46.0,46,53.114653
-36.0,36,53.114689
-25.0,25,53.114725
-25.0,25,53.114761
-200.0,200,53.128452
-96.0,96,53.128555
-79.0,79,53.12862
-50.0,50,53.128661
-46.0,46,53.128698
-36.0,36,53.128735
-10.0,10,53.12877
-10.0,10,53.128806
-200.0,200,53.163031
-96.0,96,53.163141
-79.0,79,53.163208
-50.0,50,53.163263
-46.0,46,53.163301
-36.0,36,53.163338
-25.0,25,53.163373
-25.0,25,53.163409
-200.0,200,53.257303
-96.0,96,53.257405
-79.0,79,53.257452
-74.0,74,53.257493
-65.0,65,53.25753
-65.0,65,53.257566
-200.0,200,53.31693
-96.0,96,53.317047
-79.0,79,53.317113
-74.0,74,53.317157
-65.0,65,53.317197
-44.0,44,53.317236
-44.0,44,53.317274
-200.0,200,53.339962
-182.0,182,53.340065
-157.0,157,53.340114
-61.0,61,53.340156
-55.0,55,53.340194
-44.0,44,53.34023
-13.0,13,53.340266
-13.0,13,53.340301
-200.0,200,53.346284
-96.0,96,53.346406
-79.0,79,53.346461
-6.0,6,53.346503
-4.0,4,53.346544
-4.0,4,53.346583
-200.0,200,53.380516
-182.0,182,53.38062
-157.0,157,53.380669
-61.0,61,53.380712
-55.0,55,53.380751
-25.0,25,53.380795
-25.0,25,53.380833
-200.0,200,53.416957
-182.0,182,53.417059
-157.0,157,53.417108
-61.0,61,53.417149
-55.0,55,53.417186
-25.0,25,53.417223
-25.0,25,53.417259
-200.0,200,53.480206
-96.0,96,53.480323
-79.0,79,53.48037
-74.0,74,53.48041
-65.0,65,53.480448
-44.0,44,53.480484
-44.0,44,53.480518
-200.0,200,53.494687
-96.0,96,53.494794
-79.0,79,53.494859
-50.0,50,53.494915
-46.0,46,53.494954
-36.0,36,53.494991
-10.0,10,53.495027
-10.0,10,53.495064
-200.0,200,53.509147
-96.0,96,53.509295
-79.0,79,53.509346
-50.0,50,53.509388
-46.0,46,53.509427
-36.0,36,53.509487
-10.0,10,53.509539
-10.0,10,53.509575
-200.0,200,53.527683
-182.0,182,53.527787
-63.0,63,53.527837
-24.0,24,53.527892
-13.0,13,53.52793
-13.0,13,53.527966
-200.0,200,53.533285
-96.0,96,53.533419
-79.0,79,53.533468
-6.0,6,53.533524
-4.0,4,53.533562
-4.0,4,53.533598
-200.0,200,53.567603
-182.0,182,53.567725
-157.0,157,53.56779
-61.0,61,53.567832
-55.0,55,53.56787
-25.0,25,53.567906
-25.0,25,53.567941
-200.0,200,53.590574
-96.0,96,53.590692
-79.0,79,53.590754
-50.0,50,53.590795
-46.0,46,53.590834
-36.0,36,53.59087
-16.0,16,53.590906
-16.0,16,53.590941
-200.0,200,53.630617
-182.0,182,53.63072
-157.0,157,53.630769
-61.0,61,53.630811
-55.0,55,53.63085
-25.0,25,53.630888
-25.0,25,53.630924
-200.0,200,53.70439
-96.0,96,53.704508
-79.0,79,53.704557
-74.0,74,53.704613
-65.0,65,53.704651
-44.0,44,53.704688
-44.0,44,53.704722
-200.0,200,53.796805
-96.0,96,53.796911
-79.0,79,53.79696
-74.0,74,53.797002
-65.0,65,53.797041
-65.0,65,53.797079
-200.0,200,53.805702
-96.0,96,53.805794
-79.0,79,53.80584
-74.0,74,53.805881
-65.0,65,53.805919
-44.0,44,53.805955
-6.0,6,53.80599
-6.0,6,53.806025
-200.0,200,53.839496
-96.0,96,53.839625
-79.0,79,53.839673
-50.0,50,53.839713
-46.0,46,53.839751
-36.0,36,53.839788
-25.0,25,53.839823
-25.0,25,53.839859
-200.0,200,53.87359
-96.0,96,53.873709
-79.0,79,53.873775
-50.0,50,53.873831
-46.0,46,53.873868
-36.0,36,53.873905
-25.0,25,53.873941
-25.0,25,53.873976
-200.0,200,53.892688
-182.0,182,53.892788
-63.0,63,53.892837
-24.0,24,53.892879
-13.0,13,53.892917
-13.0,13,53.892955
-200.0,200,53.985234
-96.0,96,53.985338
-79.0,79,53.985385
-74.0,74,53.985426
-65.0,65,53.985464
-65.0,65,53.985501
-200.0,200,54.003215
-182.0,182,54.003317
-63.0,63,54.003364
-24.0,24,54.003404
-13.0,13,54.003442
-13.0,13,54.003478
-200.0,200,54.066828
-182.0,182,54.066934
-157.0,157,54.066986
-61.0,61,54.06703
-55.0,55,54.067071
-44.0,44,54.067109
-44.0,44,54.067147
-200.0,200,54.12684
-96.0,96,54.126949
-79.0,79,54.127002
-74.0,74,54.127077
-65.0,65,54.127116
-44.0,44,54.127153
-44.0,44,54.127189
-200.0,200,54.187466
-96.0,96,54.187611
-79.0,79,54.18766
-74.0,74,54.187702
-65.0,65,54.187741
-44.0,44,54.187778
-44.0,44,54.187815
-200.0,200,54.210798
-182.0,182,54.210901
-63.0,63,54.210948
-24.0,24,54.210988
-13.0,13,54.211026
-13.0,13,54.211062
-200.0,200,54.220005
-96.0,96,54.220128
-79.0,79,54.220191
-74.0,74,54.220233
-65.0,65,54.220271
-44.0,44,54.220309
-6.0,6,54.220344
-6.0,6,54.220379
-200.0,200,54.229158
-96.0,96,54.229263
-79.0,79,54.22931
-74.0,74,54.229351
-65.0,65,54.229389
-44.0,44,54.229425
-6.0,6,54.229461
-6.0,6,54.229496
-200.0,200,54.247362
-182.0,182,54.247468
-157.0,157,54.247521
-61.0,61,54.247593
-55.0,55,54.247633
-44.0,44,54.247672
-13.0,13,54.247708
-13.0,13,54.247744
-200.0,200,54.30706
-96.0,96,54.307177
-79.0,79,54.307225
-74.0,74,54.307265
-65.0,65,54.307303
-44.0,44,54.30734
-44.0,44,54.307376
-200.0,200,54.325662
-182.0,182,54.325763
-63.0,63,54.325811
-24.0,24,54.325852
-13.0,13,54.32589
-13.0,13,54.325926
-200.0,200,54.348991
-182.0,182,54.349092
-63.0,63,54.349139
-24.0,24,54.34918
-13.0,13,54.349218
-13.0,13,54.349254
-200.0,200,54.434934
-96.0,96,54.435069
-79.0,79,54.435116
-74.0,74,54.435157
-65.0,65,54.435194
-65.0,65,54.43523
-200.0,200,54.440963
-96.0,96,54.441051
-79.0,79,54.441097
-6.0,6,54.441137
-4.0,4,54.441175
-4.0,4,54.441211
-200.0,200,54.506563
-182.0,182,54.506667
-157.0,157,54.506716
-61.0,61,54.506759
-55.0,55,54.506798
-44.0,44,54.506835
-44.0,44,54.506871
-200.0,200,54.529454
-96.0,96,54.529557
-79.0,79,54.529605
-50.0,50,54.529647
-46.0,46,54.529685
-36.0,36,54.529722
-16.0,16,54.529759
-16.0,16,54.529794
-200.0,200,54.590663
-182.0,182,54.590766
-157.0,157,54.590814
-61.0,61,54.590855
-55.0,55,54.590893
-44.0,44,54.590939
-44.0,44,54.590976
-200.0,200,54.65586
-182.0,182,54.655988
-157.0,157,54.656053
-61.0,61,54.656096
-55.0,55,54.656134
-44.0,44,54.656171
-44.0,44,54.656207
-200.0,200,54.675477
-182.0,182,54.675592
-157.0,157,54.675663
-61.0,61,54.675721
-55.0,55,54.675776
-44.0,44,54.675822
-13.0,13,54.675858
-13.0,13,54.675894
-200.0,200,54.693573
-182.0,182,54.693676
-63.0,63,54.693723
-24.0,24,54.693764
-13.0,13,54.693802
-13.0,13,54.693838
-200.0,200,54.728299
-182.0,182,54.7284
-157.0,157,54.728448
-61.0,61,54.72849
-55.0,55,54.728528
-25.0,25,54.728563
-25.0,25,54.728598
-200.0,200,54.793031
-96.0,96,54.793134
-79.0,79,54.793183
-74.0,74,54.793225
-65.0,65,54.793264
-44.0,44,54.793301
-44.0,44,54.793338
-200.0,200,54.810984
-182.0,182,54.811084
-157.0,157,54.811131
-61.0,61,54.811174
-55.0,55,54.811211
-44.0,44,54.811248
-13.0,13,54.811283
-13.0,13,54.811318
-200.0,200,54.828671
-182.0,182,54.828787
-63.0,63,54.828835
-24.0,24,54.828876
-13.0,13,54.828913
-13.0,13,54.828949
-200.0,200,54.856603
-182.0,182,54.856758
-63.0,63,54.856806
-24.0,24,54.856847
-13.0,13,54.856885
-13.0,13,54.856922
-200.0,200,54.878652
-96.0,96,54.878754
-79.0,79,54.878805
-50.0,50,54.878863
-46.0,46,54.878902
-36.0,36,54.878939
-16.0,16,54.878975
-16.0,16,54.87901
-200.0,200,54.897136
-182.0,182,54.897237
-157.0,157,54.897285
-61.0,61,54.897327
-55.0,55,54.897365
-44.0,44,54.897402
-13.0,13,54.897438
-13.0,13,54.897473
-200.0,200,54.914672
-182.0,182,54.914788
-63.0,63,54.914839
-24.0,24,54.914882
-13.0,13,54.914921
-13.0,13,54.914958
-200.0,200,54.938388
-182.0,182,54.938498
-157.0,157,54.93858
-61.0,61,54.938622
-55.0,55,54.938659
-44.0,44,54.938695
-13.0,13,54.938731
-13.0,13,54.938766
-200.0,200,54.957051
-182.0,182,54.957151
-63.0,63,54.957198
-24.0,24,54.957238
-13.0,13,54.957275
-13.0,13,54.957311
-200.0,200,54.991395
-182.0,182,54.991528
-157.0,157,54.991637
-61.0,61,54.991679
-55.0,55,54.991718
-25.0,25,54.991755
-25.0,25,54.991791
-200.0,200,55.009897
-182.0,182,55.009999
-63.0,63,55.010046
-24.0,24,55.010087
-13.0,13,55.010125
-13.0,13,55.010161
-200.0,200,55.027975
-182.0,182,55.02807
-157.0,157,55.028118
-61.0,61,55.02816
-55.0,55,55.028199
-44.0,44,55.028237
-13.0,13,55.028274
-13.0,13,55.028309
-200.0,200,55.046089
-182.0,182,55.046211
-63.0,63,55.046276
-24.0,24,55.046318
-13.0,13,55.046355
-13.0,13,55.046391
-200.0,200,55.109446
-182.0,182,55.109551
-157.0,157,55.109599
-61.0,61,55.109641
-55.0,55,55.109679
-44.0,44,55.109716
-44.0,44,55.109751
-200.0,200,55.127325
-182.0,182,55.127442
-63.0,63,55.127491
-24.0,24,55.127532
-13.0,13,55.12758
-13.0,13,55.127618
-200.0,200,55.13676
-96.0,96,55.136881
-79.0,79,55.136929
-74.0,74,55.13697
-65.0,65,55.137008
-44.0,44,55.137046
-6.0,6,55.137082
-6.0,6,55.137117
-200.0,200,55.199414
-182.0,182,55.199539
-157.0,157,55.199604
-61.0,61,55.199662
-55.0,55,55.199701
-44.0,44,55.199738
-44.0,44,55.199774
-200.0,200,55.238728
-96.0,96,55.238832
-79.0,79,55.238879
-50.0,50,55.238919
-46.0,46,55.238957
-36.0,36,55.238993
-25.0,25,55.239027
-25.0,25,55.239061
-200.0,200,55.272916
-182.0,182,55.273022
-157.0,157,55.273072
-61.0,61,55.273129
-55.0,55,55.273166
-25.0,25,55.273202
-25.0,25,55.273237
-200.0,200,55.30662
-96.0,96,55.30673
-79.0,79,55.306784
-50.0,50,55.306859
-46.0,46,55.306897
-36.0,36,55.306935
-25.0,25,55.306971
-25.0,25,55.307007
-200.0,200,55.371057
-96.0,96,55.37116
-79.0,79,55.371207
-74.0,74,55.371248
-65.0,65,55.371287
-44.0,44,55.371324
-44.0,44,55.37136
-200.0,200,55.406454
-96.0,96,55.40658
-79.0,79,55.406629
-50.0,50,55.40667
-46.0,46,55.406709
-36.0,36,55.406745
-25.0,25,55.406781
-25.0,25,55.406817
-200.0,200,55.441771
-96.0,96,55.441893
-79.0,79,55.441944
-50.0,50,55.442001
-46.0,46,55.44204
-36.0,36,55.442078
-25.0,25,55.442114
-25.0,25,55.44215
-200.0,200,55.506315
-96.0,96,55.506426
-79.0,79,55.506492
-74.0,74,55.506549
-65.0,65,55.506588
-44.0,44,55.506625
-44.0,44,55.50666
-200.0,200,55.528796
-96.0,96,55.528916
-79.0,79,55.528967
-50.0,50,55.529023
-46.0,46,55.529061
-36.0,36,55.529098
-16.0,16,55.529133
-16.0,16,55.529169
-200.0,200,55.547638
-182.0,182,55.547753
-157.0,157,55.547803
-61.0,61,55.547844
-55.0,55,55.547883
-44.0,44,55.547919
-13.0,13,55.547955
-13.0,13,55.54799
-200.0,200,55.55628
-96.0,96,55.55637
-79.0,79,55.556432
-74.0,74,55.556473
-65.0,65,55.556511
-44.0,44,55.556548
-6.0,6,55.556584
-6.0,6,55.55662
-200.0,200,55.592062
-96.0,96,55.592167
-79.0,79,55.59223
-50.0,50,55.592272
-46.0,46,55.592311
-36.0,36,55.592348
-25.0,25,55.592385
-25.0,25,55.592421
-200.0,200,55.610545
-182.0,182,55.610664
-157.0,157,55.610714
-61.0,61,55.610771
-55.0,55,55.610808
-44.0,44,55.610844
-13.0,13,55.610879
-13.0,13,55.610913
-200.0,200,55.633164
-96.0,96,55.633265
-79.0,79,55.633311
-50.0,50,55.633353
-46.0,46,55.633391
-36.0,36,55.633428
-16.0,16,55.633464
-16.0,16,55.6335
-200.0,200,55.646737
-96.0,96,55.646855
-79.0,79,55.646906
-74.0,74,55.646965
-65.0,65,55.647004
-44.0,44,55.647041
-6.0,6,55.647077
-6.0,6,55.647112
-200.0,200,55.706903
-182.0,182,55.707012
-157.0,157,55.707095
-61.0,61,55.707136
-55.0,55,55.707175
-44.0,44,55.707212
-44.0,44,55.707248
-200.0,200,55.716023
-96.0,96,55.716117
-79.0,79,55.716164
-74.0,74,55.716204
-65.0,65,55.716243
-44.0,44,55.71628
-6.0,6,55.716315
-6.0,6,55.716351
-200.0,200,55.740138
-96.0,96,55.74024
-79.0,79,55.740288
-50.0,50,55.74033
-46.0,46,55.740369
-36.0,36,55.740405
-16.0,16,55.740442
-16.0,16,55.740477
-200.0,200,55.758551
-182.0,182,55.758665
-157.0,157,55.758713
-61.0,61,55.758753
-55.0,55,55.75879
-44.0,44,55.758826
-13.0,13,55.758862
-13.0,13,55.758896
-200.0,200,55.822219
-96.0,96,55.822335
-79.0,79,55.822414
-74.0,74,55.822454
-65.0,65,55.822492
-44.0,44,55.822528
-44.0,44,55.822564
-200.0,200,55.856451
-96.0,96,55.856563
-79.0,79,55.856632
-50.0,50,55.856673
-46.0,46,55.856712
-36.0,36,55.856748
-25.0,25,55.856784
-25.0,25,55.85682
-200.0,200,55.860085
-182.0,182,55.860165
-63.0,63,55.86021
-24.0,24,55.86025
-13.0,13,55.860286
-2.0,2,55.860321
-2.0,2,55.860355
-200.0,200,55.881979
-96.0,96,55.882082
-79.0,79,55.88213
-50.0,50,55.882171
-46.0,46,55.88221
-36.0,36,55.882247
-16.0,16,55.882283
-16.0,16,55.882319
-200.0,200,55.8856
-182.0,182,55.885682
-63.0,63,55.885727
-24.0,24,55.885768
-13.0,13,55.885805
-2.0,2,55.885841
-2.0,2,55.885876
-200.0,200,55.919525
-96.0,96,55.919641
-79.0,79,55.91969
-50.0,50,55.919731
-46.0,46,55.919769
-36.0,36,55.919806
-25.0,25,55.919841
-25.0,25,55.919876
-200.0,200,55.959002
-96.0,96,55.959127
-79.0,79,55.959286
-50.0,50,55.959352
-46.0,46,55.9594
-36.0,36,55.959443
-25.0,25,55.959482
-25.0,25,55.95952
-200.0,200,55.992974
-96.0,96,55.993075
-79.0,79,55.993121
-50.0,50,55.993162
-46.0,46,55.9932
-36.0,36,55.993237
-25.0,25,55.993273
-25.0,25,55.993309
-200.0,200,56.026402
-182.0,182,56.026536
-157.0,157,56.026587
-61.0,61,56.026644
-55.0,55,56.026682
-25.0,25,56.026718
-25.0,25,56.026753
-200.0,200,56.116897
-96.0,96,56.116997
-79.0,79,56.117045
-74.0,74,56.117087
-65.0,65,56.117124
-65.0,65,56.11716
-200.0,200,56.120258
-182.0,182,56.120338
-63.0,63,56.120384
-24.0,24,56.120426
-13.0,13,56.120464
-2.0,2,56.1205
-2.0,2,56.120535
-200.0,200,56.129253
-96.0,96,56.129349
-79.0,79,56.129397
-74.0,74,56.129439
-65.0,65,56.129477
-44.0,44,56.129514
-6.0,6,56.129551
-6.0,6,56.129587
-200.0,200,56.148112
-182.0,182,56.148215
-63.0,63,56.148264
-24.0,24,56.148306
-13.0,13,56.148344
-13.0,13,56.148381
-200.0,200,56.181419
-96.0,96,56.181527
-79.0,79,56.18158
-50.0,50,56.181624
-46.0,46,56.181692
-36.0,36,56.181727
-25.0,25,56.181762
-25.0,25,56.181796
-200.0,200,56.273046
-96.0,96,56.273166
-79.0,79,56.273214
-74.0,74,56.273256
-65.0,65,56.273293
-65.0,65,56.27333
-200.0,200,56.291906
-182.0,182,56.292009
-157.0,157,56.292065
-61.0,61,56.292109
-55.0,55,56.292146
-44.0,44,56.292182
-13.0,13,56.292217
-13.0,13,56.292253
-200.0,200,56.314859
-96.0,96,56.31496
-79.0,79,56.315008
-50.0,50,56.315049
-46.0,46,56.315088
-36.0,36,56.315125
-16.0,16,56.315161
-16.0,16,56.315203
-200.0,200,56.323972
-96.0,96,56.324079
-79.0,79,56.324125
-74.0,74,56.324166
-65.0,65,56.324203
-44.0,44,56.324239
-6.0,6,56.324274
-6.0,6,56.324308
-200.0,200,56.38785
-182.0,182,56.388009
-157.0,157,56.388074
-61.0,61,56.388116
-55.0,55,56.388155
-44.0,44,56.388191
-44.0,44,56.388227
-200.0,200,56.421934
-182.0,182,56.422051
-157.0,157,56.422099
-61.0,61,56.42214
-55.0,55,56.422178
-25.0,25,56.422214
-25.0,25,56.422249
-200.0,200,56.481087
-96.0,96,56.481206
-79.0,79,56.481254
-74.0,74,56.481295
-65.0,65,56.481334
-44.0,44,56.481371
-44.0,44,56.481407
-200.0,200,56.558906
-96.0,96,56.559031
-79.0,79,56.559097
-74.0,74,56.559139
-65.0,65,56.559178
-44.0,44,56.559216
-44.0,44,56.559252
-200.0,200,56.577489
-182.0,182,56.577629
-157.0,157,56.577698
-61.0,61,56.577756
-55.0,55,56.577795
-44.0,44,56.577831
-13.0,13,56.577866
-13.0,13,56.577901
-200.0,200,56.604626
-96.0,96,56.604747
-79.0,79,56.604796
-74.0,74,56.604837
-65.0,65,56.604875
-44.0,44,56.604912
-20.0,20,56.604948
-20.0,20,56.604983
-200.0,200,56.608227
-182.0,182,56.608315
-63.0,63,56.608365
-24.0,24,56.608423
-13.0,13,56.608462
-2.0,2,56.608498
-2.0,2,56.608535
-200.0,200,56.672958
-182.0,182,56.673079
-157.0,157,56.673128
-61.0,61,56.673169
-55.0,55,56.673207
-44.0,44,56.673243
-44.0,44,56.673278
-200.0,200,56.707162
-96.0,96,56.707265
-79.0,79,56.707312
-50.0,50,56.707354
-46.0,46,56.707392
-36.0,36,56.707428
-25.0,25,56.707463
-25.0,25,56.707498
-200.0,200,56.716723
-96.0,96,56.716815
-79.0,79,56.716863
-74.0,74,56.716905
-65.0,65,56.716943
-44.0,44,56.716979
-6.0,6,56.717014
-6.0,6,56.717049
-200.0,200,56.751526
-96.0,96,56.751639
-79.0,79,56.751689
-50.0,50,56.751733
-46.0,46,56.751774
-36.0,36,56.751812
-25.0,25,56.751849
-25.0,25,56.751886
-200.0,200,56.790213
-96.0,96,56.790308
-79.0,79,56.790356
-50.0,50,56.790397
-46.0,46,56.790436
-36.0,36,56.790472
-25.0,25,56.790508
-25.0,25,56.790543
-200.0,200,56.849534
-182.0,182,56.849652
-157.0,157,56.8497
-61.0,61,56.849742
-55.0,55,56.84978
-44.0,44,56.849817
-44.0,44,56.849852
-200.0,200,56.85794
-96.0,96,56.858052
-79.0,79,56.858102
-74.0,74,56.858145
-65.0,65,56.858197
-44.0,44,56.858256
-6.0,6,56.858293
-6.0,6,56.858328
-200.0,200,56.880087
-96.0,96,56.880193
-79.0,79,56.880286
-50.0,50,56.880327
-46.0,46,56.880366
-36.0,36,56.880403
-16.0,16,56.88044
-16.0,16,56.880476
-200.0,200,56.91383
-182.0,182,56.91394
-157.0,157,56.91402
-61.0,61,56.914062
-55.0,55,56.914101
-25.0,25,56.914139
-25.0,25,56.914175
-200.0,200,56.97751
-96.0,96,56.977659
-79.0,79,56.97771
-74.0,74,56.977765
-65.0,65,56.977804
-44.0,44,56.97784
-44.0,44,56.977877
-200.0,200,57.006721
-96.0,96,57.006829
-79.0,79,57.00688
-74.0,74,57.006923
-65.0,65,57.006964
-44.0,44,57.007003
-20.0,20,57.007041
-20.0,20,57.007079
-200.0,200,57.028711
-96.0,96,57.028811
-79.0,79,57.028859
-50.0,50,57.0289
-46.0,46,57.028938
-36.0,36,57.028975
-16.0,16,57.029028
-16.0,16,57.029065
-200.0,200,57.120195
-96.0,96,57.120298
-79.0,79,57.120346
-74.0,74,57.120388
-65.0,65,57.120425
-65.0,65,57.120461
-200.0,200,57.12896
-96.0,96,57.129072
-79.0,79,57.129122
-74.0,74,57.12918
-65.0,65,57.129219
-44.0,44,57.129256
-6.0,6,57.129292
-6.0,6,57.129327
-200.0,200,57.220847
-96.0,96,57.220946
-79.0,79,57.220994
-74.0,74,57.221035
-65.0,65,57.221073
-65.0,65,57.221109
-200.0,200,57.224262
-182.0,182,57.224332
-63.0,63,57.224387
-24.0,24,57.224428
-13.0,13,57.224466
-2.0,2,57.224502
-2.0,2,57.224537
-200.0,200,57.243248
-182.0,182,57.243354
-157.0,157,57.243404
-61.0,61,57.243448
-55.0,55,57.243487
-44.0,44,57.243525
-13.0,13,57.243575
-13.0,13,57.243612
-200.0,200,57.276639
-96.0,96,57.276744
-79.0,79,57.27681
-50.0,50,57.276851
-46.0,46,57.27689
-36.0,36,57.276927
-25.0,25,57.276963
-25.0,25,57.276999
-200.0,200,57.337864
-96.0,96,57.337961
-79.0,79,57.338008
-74.0,74,57.338048
-65.0,65,57.338087
-44.0,44,57.338123
-44.0,44,57.338159
-200.0,200,57.341441
-182.0,182,57.341521
-63.0,63,57.341567
-24.0,24,57.341607
-13.0,13,57.341645
-2.0,2,57.34168
-2.0,2,57.341716
-200.0,200,57.364999
-182.0,182,57.365113
-157.0,157,57.365193
-61.0,61,57.365234
-55.0,55,57.365272
-44.0,44,57.365308
-13.0,13,57.365343
-13.0,13,57.365378
-200.0,200,57.453593
-96.0,96,57.453698
-79.0,79,57.453749
-74.0,74,57.453806
-65.0,65,57.453846
-65.0,65,57.453882
-200.0,200,57.489794
-96.0,96,57.489898
-79.0,79,57.489947
-50.0,50,57.489989
-46.0,46,57.490027
-36.0,36,57.490064
-25.0,25,57.490101
-25.0,25,57.490136
-200.0,200,57.528926
-182.0,182,57.529043
-157.0,157,57.52909
-61.0,61,57.529131
-55.0,55,57.529169
-25.0,25,57.529205
-25.0,25,57.529241
-200.0,200,57.537616
-96.0,96,57.537707
-79.0,79,57.537754
-74.0,74,57.537796
-65.0,65,57.537834
-44.0,44,57.537871
-6.0,6,57.537908
-6.0,6,57.537944
-200.0,200,57.571396
-182.0,182,57.571518
-157.0,157,57.571579
-61.0,61,57.571636
-55.0,55,57.571675
-25.0,25,57.571712
-25.0,25,57.571748
-200.0,200,57.580732
-96.0,96,57.580833
-79.0,79,57.580881
-74.0,74,57.580921
-65.0,65,57.580959
-44.0,44,57.580995
-6.0,6,57.58103
-6.0,6,57.581064
-200.0,200,57.608815
-96.0,96,57.608915
-79.0,79,57.608963
-74.0,74,57.609005
-65.0,65,57.609044
-44.0,44,57.609081
-20.0,20,57.609117
-20.0,20,57.609152
-200.0,200,57.631266
-96.0,96,57.631386
-79.0,79,57.631437
-50.0,50,57.631494
-46.0,46,57.631533
-36.0,36,57.631583
-16.0,16,57.63162
-16.0,16,57.631656
-200.0,200,57.669519
-96.0,96,57.669669
-79.0,79,57.669721
-50.0,50,57.669779
-46.0,46,57.669818
-36.0,36,57.669856
-25.0,25,57.669892
-25.0,25,57.669928
-200.0,200,57.704239
-182.0,182,57.704343
-157.0,157,57.704391
-61.0,61,57.704432
-55.0,55,57.704469
-25.0,25,57.704505
-25.0,25,57.70454
-200.0,200,57.796759
-96.0,96,57.796863
-79.0,79,57.796911
-74.0,74,57.796952
-65.0,65,57.79699
-65.0,65,57.797027
-200.0,200,57.831423
-182.0,182,57.831534
-157.0,157,57.831599
-61.0,61,57.831657
-55.0,55,57.831695
-25.0,25,57.831731
-25.0,25,57.831765
-200.0,200,57.865383
-96.0,96,57.865488
-79.0,79,57.865541
-50.0,50,57.865614
-46.0,46,57.865652
-36.0,36,57.865689
-25.0,25,57.865724
-25.0,25,57.86576
-200.0,200,57.900042
-96.0,96,57.900145
-79.0,79,57.900193
-50.0,50,57.900234
-46.0,46,57.900273
-36.0,36,57.900311
-25.0,25,57.900347
-25.0,25,57.900383
-200.0,200,57.938539
-182.0,182,57.938664
-157.0,157,57.93873
-61.0,61,57.938771
-55.0,55,57.93881
-25.0,25,57.938847
-25.0,25,57.938883
-200.0,200,57.997647
-96.0,96,57.997747
-79.0,79,57.997794
-74.0,74,57.997836
-65.0,65,57.997875
-44.0,44,57.997911
-44.0,44,57.997947
-200.0,200,58.025306
-96.0,96,58.02544
-79.0,79,58.02549
-74.0,74,58.025547
-65.0,65,58.025585
-44.0,44,58.025622
-20.0,20,58.025659
-20.0,20,58.025695
-200.0,200,58.116461
-96.0,96,58.116598
-79.0,79,58.11665
-74.0,74,58.116709
-65.0,65,58.11675
-65.0,65,58.116789
-200.0,200,58.150551
-96.0,96,58.150655
-79.0,79,58.150703
-50.0,50,58.150745
-46.0,46,58.150786
-36.0,36,58.150824
-25.0,25,58.150861
-25.0,25,58.150897
-200.0,200,58.18564
-182.0,182,58.185776
-157.0,157,58.185824
-61.0,61,58.185863
-55.0,55,58.1859
-25.0,25,58.185935
-25.0,25,58.18597
-200.0,200,58.248949
-182.0,182,58.249069
-157.0,157,58.249145
-61.0,61,58.249187
-55.0,55,58.249225
-44.0,44,58.249262
-44.0,44,58.249298
-200.0,200,58.271121
-96.0,96,58.271228
-79.0,79,58.271276
-50.0,50,58.271316
-46.0,46,58.271354
-36.0,36,58.271401
-16.0,16,58.271437
-16.0,16,58.271471
-200.0,200,58.304704
-182.0,182,58.304823
-157.0,157,58.304874
-61.0,61,58.30493
-55.0,55,58.304968
-25.0,25,58.305004
-25.0,25,58.305038
-200.0,200,58.313858
-96.0,96,58.313956
-79.0,79,58.314004
-74.0,74,58.314044
-65.0,65,58.314081
-44.0,44,58.314118
-6.0,6,58.314153
-6.0,6,58.314188
-200.0,200,58.317682
-182.0,182,58.317764
-63.0,63,58.317811
-24.0,24,58.317852
-13.0,13,58.317889
-2.0,2,58.317925
-2.0,2,58.317961
-200.0,200,58.321438
-182.0,182,58.321534
-63.0,63,58.321579
-24.0,24,58.321618
-13.0,13,58.321655
-2.0,2,58.32169
-2.0,2,58.321725
-200.0,200,58.330727
-96.0,96,58.330817
-79.0,79,58.330864
-74.0,74,58.330905
-65.0,65,58.330943
-44.0,44,58.33098
-6.0,6,58.331016
-6.0,6,58.331051
-200.0,200,58.393895
-96.0,96,58.394004
-79.0,79,58.394055
-74.0,74,58.394129
-65.0,65,58.394167
-44.0,44,58.394203
-44.0,44,58.394238
-200.0,200,58.397368
-182.0,182,58.397458
-63.0,63,58.397503
-24.0,24,58.397543
-13.0,13,58.39758
-2.0,2,58.397615
-2.0,2,58.39765
-200.0,200,58.406316
-96.0,96,58.40646
-79.0,79,58.406509
-74.0,74,58.406551
-65.0,65,58.406589
-44.0,44,58.406626
-6.0,6,58.406662
-6.0,6,58.406698
-200.0,200,58.44065
-182.0,182,58.440752
-157.0,157,58.440801
-61.0,61,58.440842
-55.0,55,58.440881
-25.0,25,58.440918
-25.0,25,58.440954
-200.0,200,58.475485
-96.0,96,58.475638
-79.0,79,58.475686
-50.0,50,58.475726
-46.0,46,58.475763
-36.0,36,58.475799
-25.0,25,58.475834
-25.0,25,58.475869
-200.0,200,58.514482
-96.0,96,58.51459
-79.0,79,58.514643
-50.0,50,58.514688
-46.0,46,58.514759
-36.0,36,58.514795
-25.0,25,58.51483
-25.0,25,58.514864
-200.0,200,58.536802
-96.0,96,58.536902
-79.0,79,58.536949
-50.0,50,58.53699
-46.0,46,58.537027
-36.0,36,58.537064
-16.0,16,58.537099
-16.0,16,58.537134
-200.0,200,58.570921
-182.0,182,58.571029
-157.0,157,58.571095
-61.0,61,58.571136
-55.0,55,58.571173
-25.0,25,58.57121
-25.0,25,58.571245
-200.0,200,58.605654
-96.0,96,58.605759
-79.0,79,58.605811
-50.0,50,58.605865
-46.0,46,58.605903
-36.0,36,58.60594
-25.0,25,58.605976
-25.0,25,58.606011
-200.0,200,58.66968
-96.0,96,58.669784
-79.0,79,58.669831
-74.0,74,58.669872
-65.0,65,58.66991
-44.0,44,58.669946
-44.0,44,58.669981
-200.0,200,58.757224
-96.0,96,58.757329
-79.0,79,58.75739
-74.0,74,58.75743
-65.0,65,58.757468
-65.0,65,58.757504
-200.0,200,58.781509
-182.0,182,58.78161
-157.0,157,58.781658
-61.0,61,58.781701
-55.0,55,58.781739
-44.0,44,58.781775
-13.0,13,58.781811
-13.0,13,58.781847
-200.0,200,58.790473
-96.0,96,58.790583
-79.0,79,58.79065
-74.0,74,58.790706
-65.0,65,58.790745
-44.0,44,58.790782
-6.0,6,58.790818
-6.0,6,58.790853
-200.0,200,58.826114
-182.0,182,58.826238
-157.0,157,58.826288
-61.0,61,58.826346
-55.0,55,58.826384
-25.0,25,58.826421
-25.0,25,58.826457
-200.0,200,58.885085
-182.0,182,58.885188
-157.0,157,58.885236
-61.0,61,58.885278
-55.0,55,58.885315
-44.0,44,58.885352
-44.0,44,58.885387
-200.0,200,58.913474
-96.0,96,58.913609
-79.0,79,58.913672
-74.0,74,58.913714
-65.0,65,58.913753
-44.0,44,58.91379
-20.0,20,58.913826
-20.0,20,58.913861
-200.0,200,58.978034
-96.0,96,58.978143
-79.0,79,58.978196
-74.0,74,58.97827
-65.0,65,58.97831
-44.0,44,58.978347
-44.0,44,58.978384
-200.0,200,59.037453
-182.0,182,59.037555
-157.0,157,59.037603
-61.0,61,59.037644
-55.0,55,59.037682
-44.0,44,59.037718
-44.0,44,59.037753
-200.0,200,59.12871
-96.0,96,59.128821
-79.0,79,59.128887
-74.0,74,59.128944
-65.0,65,59.128982
-65.0,65,59.129019
-200.0,200,59.187412
-96.0,96,59.187517
-79.0,79,59.187594
-74.0,74,59.187635
-65.0,65,59.187673
-44.0,44,59.187709
-44.0,44,59.187744
-200.0,200,59.226377
-96.0,96,59.226501
-79.0,79,59.226568
-50.0,50,59.22661
-46.0,46,59.226649
-36.0,36,59.226686
-25.0,25,59.226722
-25.0,25,59.226758
-200.0,200,59.244414
-182.0,182,59.244555
-157.0,157,59.244604
-61.0,61,59.244644
-55.0,55,59.244681
-44.0,44,59.244717
-13.0,13,59.244751
-13.0,13,59.244786
-200.0,200,59.262198
-182.0,182,59.262308
-157.0,157,59.262407
-61.0,61,59.262464
-55.0,55,59.262502
-44.0,44,59.262539
-13.0,13,59.262575
-13.0,13,59.26261
-200.0,200,59.280177
-182.0,182,59.28028
-157.0,157,59.280328
-61.0,61,59.28037
-55.0,55,59.280409
-44.0,44,59.280446
-13.0,13,59.280484
-13.0,13,59.280526
-200.0,200,59.345445
-182.0,182,59.345545
-157.0,157,59.345593
-61.0,61,59.345635
-55.0,55,59.345674
-44.0,44,59.345711
-44.0,44,59.345746
-200.0,200,59.432842
-96.0,96,59.432942
-79.0,79,59.432989
-74.0,74,59.43303
-65.0,65,59.433068
-65.0,65,59.433105
-200.0,200,59.466149
-182.0,182,59.46625
-157.0,157,59.466297
-61.0,61,59.466338
-55.0,55,59.466376
-25.0,25,59.466411
-25.0,25,59.466446
-200.0,200,59.479733
-96.0,96,59.479834
-79.0,79,59.479882
-74.0,74,59.479925
-65.0,65,59.479964
-44.0,44,59.480002
-6.0,6,59.480039
-6.0,6,59.480076
-200.0,200,59.499465
-182.0,182,59.499641
-157.0,157,59.499692
-61.0,61,59.499734
-55.0,55,59.499773
-44.0,44,59.499809
-13.0,13,59.499845
-13.0,13,59.499881
-200.0,200,59.522225
-96.0,96,59.522344
-79.0,79,59.522408
-50.0,50,59.522449
-46.0,46,59.522487
-36.0,36,59.522524
-16.0,16,59.522559
-16.0,16,59.522594
-200.0,200,59.608784
-96.0,96,59.608902
-79.0,79,59.60895
-74.0,74,59.608992
-65.0,65,59.60903
-65.0,65,59.609067
-200.0,200,59.703002
-96.0,96,59.703104
-79.0,79,59.703151
-74.0,74,59.703192
-65.0,65,59.703228
-65.0,65,59.703264
-200.0,200,59.737114
-96.0,96,59.737214
-79.0,79,59.737261
-50.0,50,59.737302
-46.0,46,59.737339
-36.0,36,59.737375
-25.0,25,59.73741
-25.0,25,59.737444
-200.0,200,59.770685
-96.0,96,59.770794
-79.0,79,59.770846
-74.0,74,59.770908
-65.0,65,59.770962
-44.0,44,59.770998
-20.0,20,59.771034
-20.0,20,59.771069
-200.0,200,59.798632
-96.0,96,59.798738
-79.0,79,59.7988
-74.0,74,59.798841
-65.0,65,59.798878
-44.0,44,59.798914
-20.0,20,59.798949
-20.0,20,59.798984
-200.0,200,59.833953
-96.0,96,59.834056
-79.0,79,59.834105
-50.0,50,59.834145
-46.0,46,59.834183
-36.0,36,59.834221
-25.0,25,59.834257
-25.0,25,59.834293
-200.0,200,59.851935
-182.0,182,59.852047
-157.0,157,59.852096
-61.0,61,59.852138
-55.0,55,59.852176
-44.0,44,59.852214
-13.0,13,59.852249
-13.0,13,59.852284
-200.0,200,59.861208
-96.0,96,59.861322
-79.0,79,59.861369
-74.0,74,59.86141
-65.0,65,59.861449
-44.0,44,59.861485
-6.0,6,59.86152
-6.0,6,59.861555
-200.0,200,59.925614
-96.0,96,59.925717
-79.0,79,59.925766
-74.0,74,59.925807
-65.0,65,59.925847
-44.0,44,59.925884
-44.0,44,59.92592
-200.0,200,59.934508
-96.0,96,59.934606
-79.0,79,59.934658
-74.0,74,59.934704
-65.0,65,59.934773
-44.0,44,59.934809
-6.0,6,59.934845
-6.0,6,59.93488
-200.0,200,59.994447
-182.0,182,59.994548
-157.0,157,59.994595
-61.0,61,59.994637
-55.0,55,59.994675
-44.0,44,59.994711
-44.0,44,59.994747
-200.0,200,60.012947
-182.0,182,60.013048
-157.0,157,60.013096
-61.0,61,60.013138
-55.0,55,60.013177
-44.0,44,60.013214
-13.0,13,60.01325
-13.0,13,60.013286
-200.0,200,60.04121
-96.0,96,60.041316
-79.0,79,60.041366
-74.0,74,60.04141
-65.0,65,60.041451
-44.0,44,60.04149
-20.0,20,60.041529
-20.0,20,60.041567
-200.0,200,60.068143
-96.0,96,60.068246
-79.0,79,60.068294
-50.0,50,60.068336
-46.0,46,60.068375
-36.0,36,60.068412
-16.0,16,60.068448
-16.0,16,60.068484
-200.0,200,60.143619
-96.0,96,60.143751
-79.0,79,60.143799
-74.0,74,60.143841
-65.0,65,60.14388
-44.0,44,60.143918
-44.0,44,60.143954
-200.0,200,60.177309
-182.0,182,60.177416
-157.0,157,60.177479
-61.0,61,60.177521
-55.0,55,60.177559
-25.0,25,60.177595
-25.0,25,60.177631
-200.0,200,60.269328
-96.0,96,60.269468
-79.0,79,60.269521
-74.0,74,60.269595
-65.0,65,60.269634
-65.0,65,60.26967
-200.0,200,60.272999
-182.0,182,60.273079
-63.0,63,60.273125
-24.0,24,60.273166
-13.0,13,60.273204
-2.0,2,60.273239
-2.0,2,60.273274
-200.0,200,60.276698
-182.0,182,60.276812
-63.0,63,60.276858
-24.0,24,60.276897
-13.0,13,60.276934
-2.0,2,60.27697
-2.0,2,60.277005
-200.0,200,60.280036
-182.0,182,60.280127
-63.0,63,60.280182
-24.0,24,60.280224
-13.0,13,60.280262
-2.0,2,60.280299
-2.0,2,60.280334
-200.0,200,60.308982
-96.0,96,60.309083
-79.0,79,60.30913
-74.0,74,60.30917
-65.0,65,60.309208
-44.0,44,60.309245
-20.0,20,60.30928
-20.0,20,60.309315
-200.0,200,60.317897
-96.0,96,60.31799
-79.0,79,60.318055
-74.0,74,60.318098
-65.0,65,60.318153
-44.0,44,60.31819
-6.0,6,60.318226
-6.0,6,60.318261
-200.0,200,60.356887
-182.0,182,60.357028
-157.0,157,60.357077
-61.0,61,60.35712
-55.0,55,60.35716
-25.0,25,60.357196
-25.0,25,60.357233
-200.0,200,60.376711
-182.0,182,60.376814
-157.0,157,60.376862
-61.0,61,60.376903
-55.0,55,60.376941
-44.0,44,60.376977
-13.0,13,60.377012
-13.0,13,60.377047
-200.0,200,60.435626
-96.0,96,60.435747
-79.0,79,60.435798
-74.0,74,60.435856
-65.0,65,60.435895
-44.0,44,60.435932
-44.0,44,60.435968
-200.0,200,60.527773
-96.0,96,60.527876
-79.0,79,60.527924
-74.0,74,60.527966
-65.0,65,60.528004
-65.0,65,60.528041
-200.0,200,60.536844
-96.0,96,60.536948
-79.0,79,60.536996
-74.0,74,60.537038
-65.0,65,60.537077
-44.0,44,60.537114
-6.0,6,60.537151
-6.0,6,60.537187
-200.0,200,60.555475
-96.0,96,60.555595
-79.0,79,60.555648
-74.0,74,60.555693
-65.0,65,60.555735
-44.0,44,60.555774
-13.0,13,60.555813
-13.0,13,60.555851
-200.0,200,60.573783
-96.0,96,60.573902
-79.0,79,60.573953
-74.0,74,60.574009
-65.0,65,60.574048
-44.0,44,60.574085
-13.0,13,60.574122
-13.0,13,60.574157
-200.0,200,60.592325
-182.0,182,60.59244
-157.0,157,60.592489
-61.0,61,60.59253
-55.0,55,60.592568
-44.0,44,60.592605
-13.0,13,60.59264
-13.0,13,60.592675
-200.0,200,60.601329
-96.0,96,60.601419
-79.0,79,60.601466
-74.0,74,60.601506
-65.0,65,60.601543
-44.0,44,60.601579
-6.0,6,60.601614
-6.0,6,60.601648
-200.0,200,60.666519
-182.0,182,60.666622
-157.0,157,60.66667
-61.0,61,60.666712
-55.0,55,60.666751
-44.0,44,60.666787
-44.0,44,60.666823
-200.0,200,60.68573
-96.0,96,60.685836
-79.0,79,60.685886
-74.0,74,60.685929
-65.0,65,60.68597
-44.0,44,60.686009
-13.0,13,60.686046
-13.0,13,60.686082
-200.0,200,60.713038
-96.0,96,60.713142
-79.0,79,60.713189
-74.0,74,60.71323
-65.0,65,60.713268
-44.0,44,60.713304
-20.0,20,60.71334
-20.0,20,60.713376
-200.0,200,60.746489
-182.0,182,60.746611
-157.0,157,60.746664
-61.0,61,60.746707
-55.0,55,60.746763
-25.0,25,60.7468
-25.0,25,60.746837
-200.0,200,60.774191
-96.0,96,60.774292
-79.0,79,60.774349
-74.0,74,60.774392
-65.0,65,60.77443
-44.0,44,60.774467
-20.0,20,60.774503
-20.0,20,60.774538
-200.0,200,60.864719
-96.0,96,60.864821
-79.0,79,60.864867
-74.0,74,60.864908
-65.0,65,60.864946
-65.0,65,60.864981
-200.0,200,60.92957
-96.0,96,60.929688
-79.0,79,60.929738
-74.0,74,60.929795
-65.0,65,60.929835
-44.0,44,60.929873
-44.0,44,60.929909
-200.0,200,61.027844
-96.0,96,61.027947
-79.0,79,61.027995
-74.0,74,61.028036
-65.0,65,61.028075
-65.0,65,61.028112
-200.0,200,61.063374
-182.0,182,61.06348
-157.0,157,61.06353
-61.0,61,61.063584
-55.0,55,61.063625
-25.0,25,61.063664
-25.0,25,61.063715
-200.0,200,61.112628
-96.0,96,61.112746
-79.0,79,61.112793
-74.0,74,61.112834
-65.0,65,61.112872
-32.0,32,61.112909
-32.0,32,61.112945
-200.0,200,61.156103
-96.0,96,61.156204
-79.0,79,61.156251
-74.0,74,61.156292
-65.0,65,61.156331
-32.0,32,61.156367
-32.0,32,61.156403
-200.0,200,61.249354
-96.0,96,61.249456
-79.0,79,61.249503
-74.0,74,61.249546
-65.0,65,61.249584
-65.0,65,61.249621
-200.0,200,61.258216
-96.0,96,61.258327
-79.0,79,61.258375
-74.0,74,61.258432
-65.0,65,61.258469
-44.0,44,61.258505
-6.0,6,61.25854
-6.0,6,61.258575
-200.0,200,61.286238
-96.0,96,61.286384
-79.0,79,61.286433
-74.0,74,61.286475
-65.0,65,61.286514
-44.0,44,61.286552
-20.0,20,61.28659
-20.0,20,61.286626
-200.0,200,61.314307
-96.0,96,61.314417
-79.0,79,61.314468
-74.0,74,61.314527
-65.0,65,61.314566
-44.0,44,61.314603
-20.0,20,61.31464
-20.0,20,61.314676
-200.0,200,61.342963
-96.0,96,61.343097
-79.0,79,61.343144
-74.0,74,61.343186
-65.0,65,61.343224
-44.0,44,61.34326
-20.0,20,61.343304
-20.0,20,61.34334
-200.0,200,61.36562
-182.0,182,61.365721
-157.0,157,61.36577
-61.0,61,61.365812
-55.0,55,61.36585
-44.0,44,61.365887
-13.0,13,61.365925
-13.0,13,61.365961
-200.0,200,61.425056
-96.0,96,61.425172
-79.0,79,61.425221
-74.0,74,61.425277
-65.0,65,61.425316
-44.0,44,61.425352
-44.0,44,61.425388
-200.0,200,61.44331
-182.0,182,61.443419
-157.0,157,61.443472
-61.0,61,61.443556
-55.0,55,61.443599
-44.0,44,61.443637
-13.0,13,61.443673
-13.0,13,61.443709
-200.0,200,61.508372
-96.0,96,61.508492
-79.0,79,61.508538
-74.0,74,61.508579
-65.0,65,61.508618
-44.0,44,61.508654
-44.0,44,61.508689
-200.0,200,61.517442
-96.0,96,61.517541
-79.0,79,61.517587
-74.0,74,61.517628
-65.0,65,61.517667
-44.0,44,61.517704
-6.0,6,61.517739
-6.0,6,61.517774
-200.0,200,61.535896
-96.0,96,61.535998
-79.0,79,61.536047
-74.0,74,61.536088
-65.0,65,61.536128
-44.0,44,61.536165
-13.0,13,61.536201
-13.0,13,61.536237
-200.0,200,61.581036
-96.0,96,61.581141
-79.0,79,61.581192
-74.0,74,61.581249
-65.0,65,61.581286
-32.0,32,61.581322
-32.0,32,61.581358
-200.0,200,61.673012
-96.0,96,61.67312
-79.0,79,61.673173
-74.0,74,61.673235
-65.0,65,61.673288
-65.0,65,61.673325
-200.0,200,61.694623
-96.0,96,61.694757
-79.0,79,61.694823
-50.0,50,61.694879
-46.0,46,61.694917
-36.0,36,61.694953
-16.0,16,61.694988
-16.0,16,61.695023
-200.0,200,61.698655
-182.0,182,61.698775
-63.0,63,61.698838
-24.0,24,61.698878
-13.0,13,61.698915
-2.0,2,61.69895
-2.0,2,61.698985
-200.0,200,61.732649
-182.0,182,61.73275
-157.0,157,61.732799
-61.0,61,61.73284
-55.0,55,61.732879
-25.0,25,61.732917
-25.0,25,61.732953
-200.0,200,61.797585
-96.0,96,61.797687
-79.0,79,61.797735
-74.0,74,61.797777
-65.0,65,61.797817
-44.0,44,61.797854
-44.0,44,61.797891
-200.0,200,61.801167
-182.0,182,61.801245
-63.0,63,61.801292
-24.0,24,61.801333
-13.0,13,61.801371
-2.0,2,61.801407
-2.0,2,61.801443
-200.0,200,61.820159
-182.0,182,61.820263
-157.0,157,61.82031
-61.0,61,61.820352
-55.0,55,61.82039
-44.0,44,61.820428
-13.0,13,61.820464
-13.0,13,61.820499
-200.0,200,61.842845
-96.0,96,61.842957
-79.0,79,61.843024
-50.0,50,61.843081
-46.0,46,61.84312
-36.0,36,61.843157
-16.0,16,61.843202
-16.0,16,61.843239
-200.0,200,61.85212
-96.0,96,61.852212
-79.0,79,61.852258
-74.0,74,61.852299
-65.0,65,61.852338
-44.0,44,61.852374
-6.0,6,61.852409
-6.0,6,61.852444
-200.0,200,61.944295
-96.0,96,61.9444
-79.0,79,61.944449
-74.0,74,61.944492
-65.0,65,61.944532
-65.0,65,61.94457
-200.0,200,61.962686
-96.0,96,61.962807
-79.0,79,61.962858
-74.0,74,61.962917
-65.0,65,61.962955
-44.0,44,61.962992
-13.0,13,61.963028
-13.0,13,61.963063
-200.0,200,61.981755
-96.0,96,61.981874
-79.0,79,61.981924
-74.0,74,61.98198
-65.0,65,61.982019
-44.0,44,61.982056
-13.0,13,61.982092
-13.0,13,61.982127
-200.0,200,61.99063
-96.0,96,61.990757
-79.0,79,61.990812
-74.0,74,61.990886
-65.0,65,61.990924
-44.0,44,61.990962
-6.0,6,61.990998
-6.0,6,61.991034
-200.0,200,62.013146
-96.0,96,62.013283
-79.0,79,62.013331
-50.0,50,62.013373
-46.0,46,62.013411
-36.0,36,62.013447
-16.0,16,62.013483
-16.0,16,62.013519
-200.0,200,62.078886
-96.0,96,62.079001
-79.0,79,62.079064
-74.0,74,62.079105
-65.0,65,62.079143
-44.0,44,62.079179
-44.0,44,62.079214
-200.0,200,62.097572
-96.0,96,62.097672
-79.0,79,62.097721
-74.0,74,62.097764
-65.0,65,62.097803
-44.0,44,62.097841
-13.0,13,62.097877
-13.0,13,62.097913
-200.0,200,62.116712
-96.0,96,62.116814
-79.0,79,62.116862
-74.0,74,62.116902
-65.0,65,62.116941
-44.0,44,62.116977
-13.0,13,62.117012
-13.0,13,62.117047
-200.0,200,62.159928
-96.0,96,62.160064
-79.0,79,62.160128
-74.0,74,62.160169
-65.0,65,62.160206
-32.0,32,62.160241
-32.0,32,62.160276
-200.0,200,62.178353
-182.0,182,62.178476
-157.0,157,62.17862
-61.0,61,62.17866
-55.0,55,62.178698
-44.0,44,62.178734
-13.0,13,62.17877
-13.0,13,62.178805
-200.0,200,62.227775
-96.0,96,62.227883
-79.0,79,62.227934
-74.0,74,62.227993
-65.0,65,62.228032
-32.0,32,62.22807
-32.0,32,62.228115
-200.0,200,62.255935
-96.0,96,62.256037
-79.0,79,62.256083
-74.0,74,62.256124
-65.0,65,62.256161
-44.0,44,62.256197
-20.0,20,62.256233
-20.0,20,62.256268
-200.0,200,62.274638
-96.0,96,62.274762
-79.0,79,62.274814
-74.0,74,62.274873
-65.0,65,62.274912
-44.0,44,62.274949
-13.0,13,62.274985
-13.0,13,62.275022
-200.0,200,62.293405
-182.0,182,62.293506
-157.0,157,62.293554
-61.0,61,62.293595
-55.0,55,62.293633
-44.0,44,62.29367
-13.0,13,62.293706
-13.0,13,62.293742
-200.0,200,62.353423
-96.0,96,62.353527
-79.0,79,62.353574
-74.0,74,62.353615
-65.0,65,62.353654
-44.0,44,62.353691
-44.0,44,62.353727
-200.0,200,62.418567
-96.0,96,62.41867
-79.0,79,62.418717
-74.0,74,62.418759
-65.0,65,62.418797
-44.0,44,62.418833
-44.0,44,62.418868
-200.0,200,62.46265
-96.0,96,62.462771
-79.0,79,62.462821
-74.0,74,62.462878
-65.0,65,62.462915
-32.0,32,62.46295
-32.0,32,62.462986
-200.0,200,62.485864
-96.0,96,62.485983
-79.0,79,62.486032
-50.0,50,62.486089
-46.0,46,62.486127
-36.0,36,62.486163
-16.0,16,62.486198
-16.0,16,62.486233
-200.0,200,62.48952
-182.0,182,62.489603
-63.0,63,62.489651
-24.0,24,62.489692
-13.0,13,62.48973
-2.0,2,62.489766
-2.0,2,62.489803
-200.0,200,62.513087
-96.0,96,62.513186
-79.0,79,62.513234
-74.0,74,62.513274
-65.0,65,62.513312
-44.0,44,62.513347
-13.0,13,62.513383
-13.0,13,62.513417
-200.0,200,62.572795
-96.0,96,62.572896
-79.0,79,62.572944
-74.0,74,62.572985
-65.0,65,62.573023
-44.0,44,62.57306
-44.0,44,62.573096
-200.0,200,62.606788
-182.0,182,62.606909
-157.0,157,62.606972
-61.0,61,62.607014
-55.0,55,62.607052
-25.0,25,62.607088
-25.0,25,62.607124
-200.0,200,62.671427
-96.0,96,62.67153
-79.0,79,62.671631
-74.0,74,62.671673
-65.0,65,62.671711
-44.0,44,62.671747
-44.0,44,62.671782
-200.0,200,62.70793
-96.0,96,62.70803
-79.0,79,62.708078
-50.0,50,62.708119
-46.0,46,62.708156
-36.0,36,62.708192
-16.0,16,62.708228
-16.0,16,62.708263
-200.0,200,62.735497
-96.0,96,62.735638
-79.0,79,62.735685
-74.0,74,62.735725
-65.0,65,62.735762
-44.0,44,62.735798
-20.0,20,62.735833
-20.0,20,62.735868
-200.0,200,62.778936
-96.0,96,62.779036
-79.0,79,62.779082
-74.0,74,62.779122
-65.0,65,62.77916
-32.0,32,62.779195
-32.0,32,62.77923
-200.0,200,62.827562
-96.0,96,62.827672
-79.0,79,62.827738
-74.0,74,62.827794
-65.0,65,62.827831
-32.0,32,62.827867
-32.0,32,62.827902
-200.0,200,62.836056
-96.0,96,62.836149
-79.0,79,62.836198
-74.0,74,62.836241
-65.0,65,62.836293
-44.0,44,62.836329
-6.0,6,62.836363
-6.0,6,62.836398
-200.0,200,62.870435
-182.0,182,62.870569
-157.0,157,62.870616
-61.0,61,62.870656
-55.0,55,62.870694
-25.0,25,62.870729
-25.0,25,62.870764
-200.0,200,62.879247
-96.0,96,62.879353
-79.0,79,62.879406
-74.0,74,62.879451
-65.0,65,62.879536
-44.0,44,62.8796
-6.0,6,62.879636
-6.0,6,62.87967
-200.0,200,62.906759
-96.0,96,62.906879
-79.0,79,62.906929
-74.0,74,62.906986
-65.0,65,62.907023
-44.0,44,62.90706
-20.0,20,62.907096
-20.0,20,62.907131
-200.0,200,62.910176
-182.0,182,62.910266
-63.0,63,62.910319
-24.0,24,62.91038
-13.0,13,62.910435
-2.0,2,62.910471
-2.0,2,62.910507
-200.0,200,62.913708
-96.0,96,62.913825
-79.0,79,62.913877
-50.0,50,62.913938
-46.0,46,62.913978
-36.0,36,62.914016
-16.0,16,62.914054
-2.0,2,62.914091
-2.0,2,62.914128
-200.0,200,62.917387
-182.0,182,62.917479
-63.0,63,62.917526
-24.0,24,62.917567
-13.0,13,62.917606
-2.0,2,62.917643
-2.0,2,62.917679
-200.0,200,62.995523
-96.0,96,62.995652
-79.0,79,62.9957
-74.0,74,62.995741
-65.0,65,62.99578
-44.0,44,62.995818
-44.0,44,62.995854
-200.0,200,62.999262
-96.0,96,62.999351
-79.0,79,62.999401
-50.0,50,62.999457
-46.0,46,62.999495
-36.0,36,62.999532
-16.0,16,62.999577
-2.0,2,62.999612
-2.0,2,62.999648
-200.0,200,63.002895
-96.0,96,63.00297
-79.0,79,63.003017
-50.0,50,63.003059
-46.0,46,63.003097
-36.0,36,63.003135
-16.0,16,63.003171
-2.0,2,63.003206
-2.0,2,63.003242
-200.0,200,63.006542
-182.0,182,63.00663
-63.0,63,63.006696
-24.0,24,63.00674
-13.0,13,63.00678
-2.0,2,63.006826
-2.0,2,63.006864
-200.0,200,63.015554
-96.0,96,63.01566
-79.0,79,63.015712
-74.0,74,63.015783
-65.0,65,63.015821
-44.0,44,63.015857
-6.0,6,63.015893
-6.0,6,63.015929
-200.0,200,63.074476
-96.0,96,63.074585
-79.0,79,63.074663
-74.0,74,63.074704
-65.0,65,63.074743
-44.0,44,63.074779
-44.0,44,63.074814
-200.0,200,63.083517
-96.0,96,63.083681
-79.0,79,63.083729
-74.0,74,63.083772
-65.0,65,63.083811
-44.0,44,63.083848
-6.0,6,63.083884
-6.0,6,63.08392
-200.0,200,63.133656
-96.0,96,63.133778
-79.0,79,63.133827
-74.0,74,63.13387
-65.0,65,63.133924
-32.0,32,63.13396
-32.0,32,63.133996
-200.0,200,63.15546
-96.0,96,63.155573
-79.0,79,63.155623
-50.0,50,63.155665
-46.0,46,63.155704
-36.0,36,63.155741
-16.0,16,63.155777
-16.0,16,63.155813
-200.0,200,63.158864
-182.0,182,63.158942
-63.0,63,63.159016
-24.0,24,63.159058
-13.0,13,63.159096
-2.0,2,63.159133
-2.0,2,63.159169
-200.0,200,63.192995
-182.0,182,63.193094
-157.0,157,63.193142
-61.0,61,63.193183
-55.0,55,63.193221
-25.0,25,63.193258
-25.0,25,63.193293
-200.0,200,63.196799
-96.0,96,63.196876
-79.0,79,63.196923
-50.0,50,63.196965
-46.0,46,63.197003
-36.0,36,63.19704
-16.0,16,63.197076
-2.0,2,63.197113
-2.0,2,63.197148
-200.0,200,63.200226
-182.0,182,63.200308
-63.0,63,63.200356
-24.0,24,63.200398
-13.0,13,63.200452
-2.0,2,63.200488
-2.0,2,63.200524
-200.0,200,63.218958
-96.0,96,63.219061
-79.0,79,63.219134
-74.0,74,63.219176
-65.0,65,63.219215
-44.0,44,63.219251
-13.0,13,63.219286
-13.0,13,63.219321
-200.0,200,63.222877
-96.0,96,63.222971
-79.0,79,63.223018
-50.0,50,63.223059
-46.0,46,63.223097
-36.0,36,63.223134
-16.0,16,63.223169
-2.0,2,63.223204
-2.0,2,63.223238
-200.0,200,63.226866
-182.0,182,63.22695
-63.0,63,63.22701
-24.0,24,63.227051
-13.0,13,63.227088
-2.0,2,63.227123
-2.0,2,63.227157
-200.0,200,63.260072
-96.0,96,63.260162
-79.0,79,63.260209
-74.0,74,63.26025
-65.0,65,63.260287
-44.0,44,63.260324
-20.0,20,63.260359
-20.0,20,63.260421
-200.0,200,63.278753
-96.0,96,63.278883
-79.0,79,63.278932
-74.0,74,63.278988
-65.0,65,63.279026
-44.0,44,63.279062
-13.0,13,63.279096
-13.0,13,63.27913
-200.0,200,63.322614
-96.0,96,63.322716
-79.0,79,63.322763
-74.0,74,63.322805
-65.0,65,63.322843
-32.0,32,63.32288
-32.0,32,63.322916
-200.0,200,63.366592
-96.0,96,63.366702
-79.0,79,63.366755
-74.0,74,63.366829
-65.0,65,63.366867
-32.0,32,63.366903
-32.0,32,63.366939
-200.0,200,63.370049
-96.0,96,63.370141
-79.0,79,63.370203
-50.0,50,63.370245
-46.0,46,63.370283
-36.0,36,63.37032
-16.0,16,63.370356
-2.0,2,63.370392
-2.0,2,63.370428
-200.0,200,63.373914
-182.0,182,63.373993
-63.0,63,63.374039
-24.0,24,63.37408
-13.0,13,63.374118
-2.0,2,63.374155
-2.0,2,63.37419
-200.0,200,63.377403
-182.0,182,63.377518
-63.0,63,63.377565
-24.0,24,63.377605
-13.0,13,63.377643
-2.0,2,63.377678
-2.0,2,63.377714
-200.0,200,63.380755
-182.0,182,63.38084
-63.0,63,63.380886
-24.0,24,63.380926
-13.0,13,63.380964
-2.0,2,63.381
-2.0,2,63.381037
-200.0,200,63.447126
-96.0,96,63.447231
-79.0,79,63.447282
-74.0,74,63.447337
-65.0,65,63.447376
-44.0,44,63.447412
-44.0,44,63.447448
-200.0,200,63.481727
-182.0,182,63.481829
-157.0,157,63.481972
-61.0,61,63.482014
-55.0,55,63.482052
-25.0,25,63.482089
-25.0,25,63.482124
-200.0,200,63.490604
-96.0,96,63.490697
-79.0,79,63.490745
-74.0,74,63.490787
-65.0,65,63.490825
-44.0,44,63.490862
-6.0,6,63.490898
-6.0,6,63.490933
-200.0,200,63.535052
-96.0,96,63.53516
-79.0,79,63.535241
-74.0,74,63.535282
-65.0,65,63.535319
-32.0,32,63.535355
-32.0,32,63.53539
-200.0,200,63.543921
-96.0,96,63.54403
-79.0,79,63.544077
-74.0,74,63.544116
-65.0,65,63.544153
-44.0,44,63.544188
-6.0,6,63.544223
-6.0,6,63.544257
-200.0,200,63.552957
-96.0,96,63.553052
-79.0,79,63.5531
-50.0,50,63.55314
-46.0,46,63.553179
-36.0,36,63.553216
-16.0,16,63.553252
-2.0,2,63.553287
-2.0,2,63.553323
-200.0,200,63.557145
-96.0,96,63.55723
-79.0,79,63.557276
-50.0,50,63.557317
-46.0,46,63.557354
-36.0,36,63.55739
-16.0,16,63.557435
-2.0,2,63.55747
-2.0,2,63.557504
-200.0,200,63.616091
-96.0,96,63.616196
-79.0,79,63.616246
-74.0,74,63.616304
-65.0,65,63.616343
-32.0,32,63.61638
-32.0,32,63.616416
-200.0,200,63.642912
-96.0,96,63.643023
-79.0,79,63.643076
-74.0,74,63.643153
-65.0,65,63.643194
-32.0,32,63.643234
-19.0,19,63.643271
-19.0,19,63.643309
-200.0,200,63.646723
-96.0,96,63.646802
-79.0,79,63.646848
-50.0,50,63.64689
-46.0,46,63.646928
-36.0,36,63.646964
-16.0,16,63.647001
-2.0,2,63.647036
-2.0,2,63.647072
-200.0,200,63.690634
-96.0,96,63.690751
-79.0,79,63.6908
-74.0,74,63.690841
-65.0,65,63.690879
-32.0,32,63.690916
-32.0,32,63.690953
-200.0,200,63.694189
-182.0,182,63.694273
-63.0,63,63.694319
-24.0,24,63.694359
-13.0,13,63.694396
-2.0,2,63.694431
-2.0,2,63.694467
-200.0,200,63.717231
-96.0,96,63.717387
-79.0,79,63.71745
-74.0,74,63.717495
-65.0,65,63.717536
-44.0,44,63.717576
-13.0,13,63.717613
-13.0,13,63.717651
-200.0,200,63.761142
-96.0,96,63.761249
-79.0,79,63.761314
-74.0,74,63.761356
-65.0,65,63.761394
-32.0,32,63.761431
-32.0,32,63.761467
-200.0,200,63.797244
-182.0,182,63.797348
-157.0,157,63.797396
-61.0,61,63.797437
-55.0,55,63.797475
-25.0,25,63.797511
-25.0,25,63.797547
-200.0,200,63.858023
-96.0,96,63.858114
-79.0,79,63.85816
-74.0,74,63.858201
-65.0,65,63.858239
-44.0,44,63.858275
-41.0,41,63.85831
-41.0,41,63.858345
-200.0,200,63.885314
-96.0,96,63.885466
-79.0,79,63.885514
-74.0,74,63.885555
-65.0,65,63.885593
-32.0,32,63.885629
-19.0,19,63.885665
-19.0,19,63.8857
-200.0,200,63.911707
-96.0,96,63.911807
-79.0,79,63.911855
-74.0,74,63.911897
-65.0,65,63.911935
-32.0,32,63.911972
-19.0,19,63.912008
-19.0,19,63.912044
-200.0,200,63.967563
-96.0,96,63.967708
-79.0,79,63.967757
-74.0,74,63.967798
-65.0,65,63.967836
-44.0,44,63.967873
-41.0,41,63.967909
-41.0,41,63.967944
-200.0,200,63.97642
-96.0,96,63.976511
-79.0,79,63.976559
-74.0,74,63.976601
-65.0,65,63.976639
-44.0,44,63.976676
-6.0,6,63.976712
-6.0,6,63.976747
-200.0,200,64.016606
-182.0,182,64.016708
-157.0,157,64.016754
-61.0,61,64.016794
-55.0,55,64.016832
-25.0,25,64.016868
-25.0,25,64.016902
-200.0,200,64.051492
-182.0,182,64.051624
-157.0,157,64.05169
-61.0,61,64.051731
-55.0,55,64.051769
-25.0,25,64.051804
-25.0,25,64.051839
-200.0,200,64.086341
-182.0,182,64.086446
-157.0,157,64.086498
-61.0,61,64.086571
-55.0,55,64.086609
-25.0,25,64.086644
-25.0,25,64.086681
-200.0,200,64.094883
-96.0,96,64.094981
-79.0,79,64.095034
-74.0,74,64.09508
-65.0,65,64.095149
-44.0,44,64.095184
-6.0,6,64.095219
-6.0,6,64.095254
-200.0,200,64.113393
-96.0,96,64.113504
-79.0,79,64.11358
-74.0,74,64.113626
-65.0,65,64.113665
-44.0,44,64.113702
-13.0,13,64.113737
-13.0,13,64.113771
-200.0,200,64.141295
-96.0,96,64.141413
-79.0,79,64.14146
-74.0,74,64.141501
-65.0,65,64.14154
-44.0,44,64.141577
-20.0,20,64.141612
-20.0,20,64.141647
-200.0,200,64.172873
-96.0,96,64.172977
-79.0,79,64.173038
-74.0,74,64.17308
-65.0,65,64.173119
-32.0,32,64.173157
-19.0,19,64.173193
-19.0,19,64.173229
-200.0,200,64.215789
-96.0,96,64.215906
-79.0,79,64.215953
-74.0,74,64.215994
-65.0,65,64.216032
-32.0,32,64.216068
-32.0,32,64.216103
-200.0,200,64.242173
-96.0,96,64.242277
-79.0,79,64.242325
-74.0,74,64.242366
-65.0,65,64.242404
-32.0,32,64.24244
-19.0,19,64.242476
-19.0,19,64.242512
-200.0,200,64.309152
-96.0,96,64.309262
-79.0,79,64.309329
-74.0,74,64.309385
-65.0,65,64.309423
-44.0,44,64.309459
-44.0,44,64.309495
-200.0,200,64.36548
-96.0,96,64.365585
-79.0,79,64.365632
-74.0,74,64.365674
-65.0,65,64.365713
-44.0,44,64.36575
-41.0,41,64.365787
-41.0,41,64.365823
-200.0,200,64.393647
-96.0,96,64.393746
-79.0,79,64.393793
-74.0,74,64.393834
-65.0,65,64.393872
-44.0,44,64.393908
-20.0,20,64.393943
-20.0,20,64.393978
-200.0,200,64.397446
-96.0,96,64.397574
-79.0,79,64.397621
-50.0,50,64.397662
-46.0,46,64.3977
-36.0,36,64.397736
-16.0,16,64.397771
-2.0,2,64.397806
-2.0,2,64.397841
-200.0,200,64.423994
-96.0,96,64.424129
-79.0,79,64.424211
-74.0,74,64.424254
-65.0,65,64.424294
-32.0,32,64.424333
-19.0,19,64.42437
-19.0,19,64.424412
-200.0,200,64.472888
-96.0,96,64.473004
-79.0,79,64.473052
-74.0,74,64.473093
-65.0,65,64.473131
-32.0,32,64.473166
-32.0,32,64.473202
-200.0,200,64.528977
-96.0,96,64.52908
-79.0,79,64.529158
-74.0,74,64.529199
-65.0,65,64.529238
-44.0,44,64.529276
-41.0,41,64.529312
-41.0,41,64.529348
-200.0,200,64.555124
-96.0,96,64.555251
-79.0,79,64.555304
-74.0,74,64.555349
-65.0,65,64.55539
-32.0,32,64.555429
-19.0,19,64.555467
-19.0,19,64.555505
-200.0,200,64.604818
-96.0,96,64.604921
-79.0,79,64.604969
-74.0,74,64.605011
-65.0,65,64.60505
-32.0,32,64.605087
-32.0,32,64.605124
-200.0,200,64.64885
-96.0,96,64.648966
-79.0,79,64.649039
-74.0,74,64.649081
-65.0,65,64.649118
-32.0,32,64.649153
-32.0,32,64.649188
-200.0,200,64.666641
-96.0,96,64.666757
-79.0,79,64.666807
-74.0,74,64.666863
-65.0,65,64.666903
-44.0,44,64.666939
-13.0,13,64.666975
-13.0,13,64.66701
-200.0,200,64.675678
-96.0,96,64.675812
-79.0,79,64.675875
-74.0,74,64.675914
-65.0,65,64.675958
-44.0,44,64.676011
-6.0,6,64.676049
-6.0,6,64.676086
-200.0,200,64.684788
-96.0,96,64.684903
-79.0,79,64.68495
-74.0,74,64.684993
-65.0,65,64.685032
-44.0,44,64.68507
-6.0,6,64.685114
-6.0,6,64.685167
-200.0,200,64.74934
-96.0,96,64.74945
-79.0,79,64.749516
-74.0,74,64.749573
-65.0,65,64.749611
-44.0,44,64.749649
-44.0,44,64.749685
-200.0,200,64.753002
-96.0,96,64.753084
-79.0,79,64.753145
-50.0,50,64.753186
-46.0,46,64.753225
-36.0,36,64.753261
-16.0,16,64.753297
-2.0,2,64.753333
-2.0,2,64.753368
-200.0,200,64.812301
-96.0,96,64.812403
-79.0,79,64.812451
-74.0,74,64.812493
-65.0,65,64.812532
-44.0,44,64.812569
-44.0,44,64.812605
-200.0,200,64.841321
-96.0,96,64.841427
-79.0,79,64.841491
-74.0,74,64.841533
-65.0,65,64.841572
-44.0,44,64.841609
-20.0,20,64.841645
-20.0,20,64.841681
-200.0,200,64.845096
-182.0,182,64.845183
-63.0,63,64.84523
-24.0,24,64.845271
-13.0,13,64.845311
-2.0,2,64.845348
-2.0,2,64.845385
-200.0,200,64.909359
-96.0,96,64.909461
-79.0,79,64.909508
-74.0,74,64.90955
-65.0,65,64.909589
-44.0,44,64.909625
-44.0,44,64.909661
-200.0,200,64.970494
-96.0,96,64.970599
-79.0,79,64.970649
-74.0,74,64.970706
-65.0,65,64.970745
-44.0,44,64.970783
-44.0,44,64.970819
-200.0,200,65.035654
-96.0,96,65.03576
-79.0,79,65.035825
-74.0,74,65.035866
-65.0,65,65.035904
-44.0,44,65.03594
-44.0,44,65.035976
-200.0,200,65.061605
-96.0,96,65.061747
-79.0,79,65.061799
-74.0,74,65.061845
-65.0,65,65.061899
-32.0,32,65.061949
-19.0,19,65.061985
-19.0,19,65.062019
-200.0,200,65.121729
-96.0,96,65.121847
-79.0,79,65.121898
-74.0,74,65.121943
-65.0,65,65.121984
-44.0,44,65.122023
-44.0,44,65.122061
-200.0,200,65.125506
-182.0,182,65.125627
-63.0,63,65.125676
-24.0,24,65.125716
-13.0,13,65.125753
-2.0,2,65.125788
-2.0,2,65.125823
-200.0,200,65.176167
-96.0,96,65.17627
-79.0,79,65.176316
-74.0,74,65.176357
-65.0,65,65.176395
-32.0,32,65.17643
-32.0,32,65.176466
-200.0,200,65.179635
-182.0,182,65.179721
-63.0,63,65.179772
-24.0,24,65.179831
-13.0,13,65.179883
-2.0,2,65.179919
-2.0,2,65.179955
-200.0,200,65.207612
-96.0,96,65.207724
-79.0,79,65.207772
-74.0,74,65.207812
-65.0,65,65.20785
-44.0,44,65.207887
-20.0,20,65.207921
-20.0,20,65.207956
-200.0,200,65.264297
-96.0,96,65.26443
-79.0,79,65.264478
-74.0,74,65.26452
-65.0,65,65.264559
-44.0,44,65.264596
-41.0,41,65.264632
-41.0,41,65.264668
-200.0,200,65.282792
-96.0,96,65.282891
-79.0,79,65.282938
-74.0,74,65.28298
-65.0,65,65.283018
-44.0,44,65.283055
-13.0,13,65.28309
-13.0,13,65.283125
-200.0,200,65.322843
-182.0,182,65.322947
-157.0,157,65.322997
-61.0,61,65.323039
-55.0,55,65.323077
-25.0,25,65.323114
-25.0,25,65.32315
-200.0,200,65.350768
-96.0,96,65.35088
-79.0,79,65.35095
-74.0,74,65.351007
-65.0,65,65.351047
-44.0,44,65.351085
-20.0,20,65.351121
-20.0,20,65.351157
-200.0,200,65.385743
-182.0,182,65.385888
-157.0,157,65.385957
-61.0,61,65.386013
-55.0,55,65.386051
-25.0,25,65.386087
-25.0,25,65.386122
-200.0,200,65.446685
-96.0,96,65.446787
-79.0,79,65.446835
-74.0,74,65.446877
-65.0,65,65.446916
-44.0,44,65.446953
-41.0,41,65.44699
-41.0,41,65.447026
-200.0,200,65.508218
-96.0,96,65.50835
-79.0,79,65.508397
-74.0,74,65.508439
-65.0,65,65.508478
-44.0,44,65.508515
-44.0,44,65.508551
-200.0,200,65.54287
-182.0,182,65.542973
-157.0,157,65.543021
-61.0,61,65.543064
-55.0,55,65.543103
-25.0,25,65.54314
-25.0,25,65.543177
-200.0,200,65.577549
-182.0,182,65.577656
-157.0,157,65.577707
-61.0,61,65.57775
-55.0,55,65.57779
-25.0,25,65.577828
-25.0,25,65.577866
-200.0,200,65.608987
-96.0,96,65.609091
-79.0,79,65.60914
-74.0,74,65.609183
-65.0,65,65.609222
-32.0,32,65.609259
-19.0,19,65.609317
-19.0,19,65.609368
-200.0,200,65.652696
-96.0,96,65.652803
-79.0,79,65.652857
-74.0,74,65.652916
-65.0,65,65.652969
-32.0,32,65.653005
-32.0,32,65.653041
-200.0,200,65.678932
-96.0,96,65.679034
-79.0,79,65.679083
-74.0,74,65.679124
-65.0,65,65.679163
-32.0,32,65.679201
-19.0,19,65.679236
-19.0,19,65.679272
-200.0,200,65.727449
-96.0,96,65.727548
-79.0,79,65.7276
-74.0,74,65.727642
-65.0,65,65.727682
-32.0,32,65.727719
-32.0,32,65.727755
-200.0,200,65.786961
-96.0,96,65.787062
-79.0,79,65.787109
-74.0,74,65.787151
-65.0,65,65.787191
-44.0,44,65.787228
-44.0,44,65.787264
-200.0,200,65.830814
-96.0,96,65.830915
-79.0,79,65.830964
-74.0,74,65.831006
-65.0,65,65.831045
-32.0,32,65.831082
-32.0,32,65.831118
-200.0,200,65.849225
-96.0,96,65.849325
-79.0,79,65.849372
-74.0,74,65.849413
-65.0,65,65.849452
-44.0,44,65.849489
-13.0,13,65.849525
-13.0,13,65.84956
-200.0,200,65.873125
-96.0,96,65.87323
-79.0,79,65.87328
-74.0,74,65.87332
-65.0,65,65.873358
-44.0,44,65.873394
-13.0,13,65.873429
-13.0,13,65.873463
-200.0,200,65.901403
-96.0,96,65.901504
-79.0,79,65.901554
-74.0,74,65.901595
-65.0,65,65.901634
-44.0,44,65.901671
-20.0,20,65.901707
-20.0,20,65.901743
-200.0,200,65.935188
-182.0,182,65.935294
-157.0,157,65.935376
-61.0,61,65.935447
-55.0,55,65.935484
-25.0,25,65.935519
-25.0,25,65.935563
-200.0,200,65.99033
-96.0,96,65.990454
-79.0,79,65.990505
-74.0,74,65.99058
-65.0,65,65.990636
-44.0,44,65.990684
-41.0,41,65.990723
-41.0,41,65.990759
-200.0,200,66.022908
-96.0,96,66.023027
-79.0,79,66.023074
-74.0,74,66.023115
-65.0,65,66.023153
-32.0,32,66.023189
-19.0,19,66.023224
-19.0,19,66.023285
-200.0,200,66.041281
-96.0,96,66.041378
-79.0,79,66.041427
-74.0,74,66.041484
-65.0,65,66.041522
-44.0,44,66.041558
-13.0,13,66.041593
-13.0,13,66.041628
-200.0,200,66.098279
-96.0,96,66.098387
-79.0,79,66.098454
-74.0,74,66.09851
-65.0,65,66.098548
-44.0,44,66.098585
-41.0,41,66.098621
-41.0,41,66.098655
-200.0,200,66.143194
-96.0,96,66.143295
-79.0,79,66.143343
-74.0,74,66.143384
-65.0,65,66.143422
-32.0,32,66.143458
-32.0,32,66.143494
-200.0,200,66.191801
-96.0,96,66.191903
-79.0,79,66.191952
-74.0,74,66.191994
-65.0,65,66.192033
-32.0,32,66.19207
-32.0,32,66.192105
-200.0,200,66.226414
-182.0,182,66.22652
-157.0,157,66.22657
-61.0,61,66.226614
-55.0,55,66.226654
-25.0,25,66.226691
-25.0,25,66.226729
-200.0,200,66.235614
-96.0,96,66.235716
-79.0,79,66.23577
-74.0,74,66.235831
-65.0,65,66.235871
-44.0,44,66.23591
-6.0,6,66.235947
-6.0,6,66.235985
-200.0,200,66.254233
-96.0,96,66.254352
-79.0,79,66.254401
-74.0,74,66.254459
-65.0,65,66.254497
-44.0,44,66.254534
-13.0,13,66.254569
-13.0,13,66.254604
-200.0,200,66.26318
-96.0,96,66.263284
-79.0,79,66.26333
-74.0,74,66.263371
-65.0,65,66.263408
-44.0,44,66.263444
-6.0,6,66.263479
-6.0,6,66.263514
-200.0,200,66.266866
-96.0,96,66.266956
-79.0,79,66.267035
-50.0,50,66.267074
-46.0,46,66.267111
-36.0,36,66.267147
-16.0,16,66.267183
-2.0,2,66.267218
-2.0,2,66.267253
-200.0,200,66.306584
-182.0,182,66.306684
-157.0,157,66.306734
-61.0,61,66.306776
-55.0,55,66.306816
-25.0,25,66.306853
-25.0,25,66.30689
-200.0,200,66.350348
-96.0,96,66.350483
-79.0,79,66.350534
-74.0,74,66.350592
-65.0,65,66.35063
-32.0,32,66.350667
-32.0,32,66.350703
-200.0,200,66.394376
-96.0,96,66.394477
-79.0,79,66.394524
-74.0,74,66.394564
-65.0,65,66.394602
-32.0,32,66.394637
-32.0,32,66.394673
-200.0,200,66.438484
-96.0,96,66.438591
-79.0,79,66.438672
-74.0,74,66.438713
-65.0,65,66.438753
-32.0,32,66.43879
-32.0,32,66.438827
-200.0,200,66.500278
-96.0,96,66.500381
-79.0,79,66.50043
-74.0,74,66.500471
-65.0,65,66.50051
-44.0,44,66.500547
-41.0,41,66.500583
-41.0,41,66.500619
-200.0,200,66.503876
-96.0,96,66.503958
-79.0,79,66.504005
-50.0,50,66.504046
-46.0,46,66.504085
-36.0,36,66.504121
-16.0,16,66.504157
-2.0,2,66.504193
-2.0,2,66.504229
-200.0,200,66.538844
-182.0,182,66.538983
-157.0,157,66.53903
-61.0,61,66.539071
-55.0,55,66.539109
-25.0,25,66.539144
-25.0,25,66.53918
-200.0,200,66.582865
-96.0,96,66.582968
-79.0,79,66.583015
-74.0,74,66.583056
-65.0,65,66.583094
-32.0,32,66.583129
-32.0,32,66.583165
-200.0,200,66.59701
-96.0,96,66.59713
-79.0,79,66.597179
-74.0,74,66.597236
-65.0,65,66.597273
-44.0,44,66.597309
-6.0,6,66.597345
-6.0,6,66.59738
-200.0,200,66.658254
-96.0,96,66.658371
-79.0,79,66.658434
-74.0,74,66.658475
-65.0,65,66.658513
-32.0,32,66.65855
-32.0,32,66.658585
-200.0,200,66.661946
-182.0,182,66.662037
-63.0,63,66.662085
-24.0,24,66.662127
-13.0,13,66.662165
-2.0,2,66.662201
-2.0,2,66.66225
-200.0,200,66.690163
-96.0,96,66.690282
-79.0,79,66.69033
-74.0,74,66.690371
-65.0,65,66.690409
-44.0,44,66.690446
-20.0,20,66.690482
-20.0,20,66.690518
-200.0,200,66.714986
-96.0,96,66.715116
-79.0,79,66.715165
-74.0,74,66.71524
-65.0,65,66.71528
-32.0,32,66.715317
-18.0,18,66.715354
-18.0,18,66.71539
-200.0,200,66.741695
-96.0,96,66.741809
-79.0,79,66.741858
-74.0,74,66.741898
-65.0,65,66.741935
-32.0,32,66.741972
-19.0,19,66.742007
-19.0,19,66.742042
-200.0,200,66.745506
-96.0,96,66.745595
-79.0,79,66.745642
-50.0,50,66.745682
-46.0,46,66.74572
-36.0,36,66.745756
-16.0,16,66.745791
-2.0,2,66.745827
-2.0,2,66.745862
-200.0,200,66.777561
-96.0,96,66.777695
-79.0,79,66.777742
-74.0,74,66.777783
-65.0,65,66.77782
-32.0,32,66.777856
-19.0,19,66.777893
-19.0,19,66.777928
-200.0,200,66.786855
-96.0,96,66.786958
-79.0,79,66.787024
-74.0,74,66.787079
-65.0,65,66.787117
-44.0,44,66.787153
-6.0,6,66.787188
-6.0,6,66.787222
-200.0,200,66.79622
-96.0,96,66.796337
-79.0,79,66.796386
-74.0,74,66.79643
-65.0,65,66.79647
-44.0,44,66.796509
-6.0,6,66.796546
-6.0,6,66.796596
-200.0,200,66.799598
-182.0,182,66.799688
-63.0,63,66.799741
-24.0,24,66.799801
-13.0,13,66.799868
-2.0,2,66.799905
-2.0,2,66.799942
-200.0,200,66.853775
-96.0,96,66.853894
-79.0,79,66.853943
-74.0,74,66.853999
-65.0,65,66.854036
-44.0,44,66.854073
-41.0,41,66.854108
-41.0,41,66.854143
-200.0,200,66.872837
-96.0,96,66.872955
-79.0,79,66.873002
-74.0,74,66.873044
-65.0,65,66.873082
-44.0,44,66.873118
-13.0,13,66.873153
-13.0,13,66.873188
-200.0,200,66.876526
-96.0,96,66.876616
-79.0,79,66.876662
-50.0,50,66.876703
-46.0,46,66.876741
-36.0,36,66.876778
-16.0,16,66.876814
-2.0,2,66.876849
-2.0,2,66.876885
-200.0,200,66.907217
-96.0,96,66.90733
-79.0,79,66.907376
-74.0,74,66.907417
-65.0,65,66.907456
-32.0,32,66.907512
-18.0,18,66.907558
-18.0,18,66.907595
-200.0,200,66.951558
-96.0,96,66.951678
-79.0,79,66.951757
-74.0,74,66.951797
-65.0,65,66.951836
-32.0,32,66.951872
-32.0,32,66.951907
-200.0,200,67.008037
-96.0,96,67.008138
-79.0,79,67.008185
-74.0,74,67.008226
-65.0,65,67.008263
-44.0,44,67.0083
-41.0,41,67.008336
-41.0,41,67.008371
-200.0,200,67.03429
-96.0,96,67.034389
-79.0,79,67.034437
-74.0,74,67.034477
-65.0,65,67.034514
-32.0,32,67.03455
-19.0,19,67.034585
-19.0,19,67.034621
-200.0,200,67.0826
-96.0,96,67.082739
-79.0,79,67.082805
-74.0,74,67.082862
-65.0,65,67.082901
-32.0,32,67.082938
-32.0,32,67.082974
-200.0,200,67.139824
-96.0,96,67.139925
-79.0,79,67.139971
-74.0,74,67.140012
-65.0,65,67.140057
-44.0,44,67.140096
-41.0,41,67.140132
-41.0,41,67.140168
-200.0,200,67.206375
-96.0,96,67.206494
-79.0,79,67.206542
-74.0,74,67.206583
-65.0,65,67.206623
-44.0,44,67.20666
-44.0,44,67.206697
-200.0,200,67.21
-182.0,182,67.210087
-63.0,63,67.210149
-24.0,24,67.210189
-13.0,13,67.210226
-2.0,2,67.210261
-2.0,2,67.210295
-200.0,200,67.265712
-96.0,96,67.265815
-79.0,79,67.265863
-74.0,74,67.265904
-65.0,65,67.265942
-44.0,44,67.26598
-41.0,41,67.266016
-41.0,41,67.266053
-200.0,200,67.269336
-96.0,96,67.269416
-79.0,79,67.269462
-50.0,50,67.269504
-46.0,46,67.269542
-36.0,36,67.269579
-16.0,16,67.269615
-2.0,2,67.269651
-2.0,2,67.269687
-200.0,200,67.288257
-96.0,96,67.288361
-79.0,79,67.288411
-74.0,74,67.288468
-65.0,65,67.288507
-44.0,44,67.288545
-13.0,13,67.288581
-13.0,13,67.288616
-200.0,200,67.315781
-96.0,96,67.3159
-79.0,79,67.315949
-74.0,74,67.315992
-65.0,65,67.316031
-44.0,44,67.31607
-20.0,20,67.316108
-20.0,20,67.316146
-200.0,200,67.381329
-96.0,96,67.381432
-79.0,79,67.381479
-74.0,74,67.38152
-65.0,65,67.381557
-44.0,44,67.381594
-44.0,44,67.38163
-200.0,200,67.409351
-96.0,96,67.409472
-79.0,79,67.409521
-74.0,74,67.409563
-65.0,65,67.409601
-44.0,44,67.409638
-20.0,20,67.409674
-20.0,20,67.409709
-200.0,200,67.427883
-96.0,96,67.428009
-79.0,79,67.428075
-74.0,74,67.428116
-65.0,65,67.428156
-44.0,44,67.428192
-13.0,13,67.428229
-13.0,13,67.428264
-200.0,200,67.431626
-96.0,96,67.431709
-79.0,79,67.431758
-50.0,50,67.431814
-46.0,46,67.431852
-36.0,36,67.431888
-16.0,16,67.431923
-2.0,2,67.431958
-2.0,2,67.431994
-200.0,200,67.43522
-182.0,182,67.435302
-63.0,63,67.43535
-24.0,24,67.435406
-13.0,13,67.435442
-2.0,2,67.435478
-2.0,2,67.435513
-200.0,200,67.43866
-96.0,96,67.438756
-79.0,79,67.438819
-50.0,50,67.438879
-46.0,46,67.43893
-36.0,36,67.438983
-16.0,16,67.439038
-2.0,2,67.439093
-2.0,2,67.43915
-200.0,200,67.505938
-96.0,96,67.506059
-79.0,79,67.506121
-74.0,74,67.506162
-65.0,65,67.506199
-44.0,44,67.506236
-44.0,44,67.506271
-200.0,200,67.509732
-96.0,96,67.509817
-79.0,79,67.509866
-50.0,50,67.509921
-46.0,46,67.509959
-36.0,36,67.509996
-16.0,16,67.510032
-2.0,2,67.510067
-2.0,2,67.510103
-200.0,200,67.513176
-182.0,182,67.513273
-63.0,63,67.513323
-24.0,24,67.513366
-13.0,13,67.513418
-2.0,2,67.513453
-2.0,2,67.513489
-200.0,200,67.516753
-96.0,96,67.516851
-79.0,79,67.516929
-50.0,50,67.516999
-46.0,46,67.517038
-36.0,36,67.517076
-16.0,16,67.517112
-2.0,2,67.517148
-2.0,2,67.517182
-200.0,200,67.544859
-96.0,96,67.544965
-79.0,79,67.545029
-74.0,74,67.54507
-65.0,65,67.545125
-32.0,32,67.545177
-19.0,19,67.545212
-19.0,19,67.545248
-200.0,200,67.587651
-96.0,96,67.587792
-79.0,79,67.587846
-74.0,74,67.587905
-65.0,65,67.587944
-32.0,32,67.587981
-32.0,32,67.588018
-200.0,200,67.638826
-96.0,96,67.638957
-79.0,79,67.639005
-74.0,74,67.639046
-65.0,65,67.639085
-32.0,32,67.639121
-32.0,32,67.639158
-200.0,200,67.666788
-96.0,96,67.666892
-79.0,79,67.666954
-74.0,74,67.666995
-65.0,65,67.667033
-44.0,44,67.66707
-20.0,20,67.667105
-20.0,20,67.667141
-200.0,200,67.711014
-96.0,96,67.711123
-79.0,79,67.711187
-74.0,74,67.711229
-65.0,65,67.711268
-32.0,32,67.711306
-32.0,32,67.711342
-200.0,200,67.738705
-96.0,96,67.738815
-79.0,79,67.738897
-74.0,74,67.738939
-65.0,65,67.738977
-44.0,44,67.739015
-20.0,20,67.739052
-20.0,20,67.739088
-200.0,200,67.747551
-96.0,96,67.74767
-79.0,79,67.747716
-74.0,74,67.747758
-65.0,65,67.747796
-44.0,44,67.747833
-6.0,6,67.747868
-6.0,6,67.747903
-200.0,200,67.780748
-96.0,96,67.780847
-79.0,79,67.780893
-74.0,74,67.780934
-65.0,65,67.780972
-32.0,32,67.781008
-19.0,19,67.781043
-19.0,19,67.781078
-200.0,200,67.84073
-96.0,96,67.840846
-79.0,79,67.840909
-74.0,74,67.840966
-65.0,65,67.841004
-44.0,44,67.841041
-44.0,44,67.841077
-200.0,200,67.885267
-96.0,96,67.885366
-79.0,79,67.885413
-74.0,74,67.885454
-65.0,65,67.885492
-32.0,32,67.885536
-32.0,32,67.885572
-200.0,200,67.888932
-96.0,96,67.889034
-79.0,79,67.889081
-50.0,50,67.889121
-46.0,46,67.889158
-36.0,36,67.889194
-16.0,16,67.889228
-2.0,2,67.889263
-2.0,2,67.8893
-200.0,200,67.897591
-96.0,96,67.897694
-79.0,79,67.897747
-74.0,74,67.897794
-65.0,65,67.897866
-44.0,44,67.897904
-6.0,6,67.897941
-6.0,6,67.897979
-200.0,200,67.959086
-96.0,96,67.959197
-79.0,79,67.959282
-74.0,74,67.959337
-65.0,65,67.959378
-44.0,44,67.959414
-41.0,41,67.959449
-41.0,41,67.959484
-200.0,200,68.018713
-96.0,96,68.018814
-79.0,79,68.018861
-74.0,74,68.018901
-65.0,65,68.01894
-44.0,44,68.018976
-44.0,44,68.019012
-200.0,200,68.067045
-96.0,96,68.067148
-79.0,79,68.067196
-74.0,74,68.067236
-65.0,65,68.067274
-44.0,44,68.06731
-20.0,20,68.067346
-20.0,20,68.067381
-200.0,200,68.076441
-96.0,96,68.076547
-79.0,79,68.076597
-74.0,74,68.07664
-65.0,65,68.07668
-44.0,44,68.076717
-6.0,6,68.076753
-6.0,6,68.076789
-200.0,200,68.090565
-96.0,96,68.090701
-79.0,79,68.090767
-74.0,74,68.090824
-65.0,65,68.090872
-44.0,44,68.090909
-6.0,6,68.090944
-6.0,6,68.090978
-200.0,200,68.094317
-96.0,96,68.094398
-79.0,79,68.094443
-50.0,50,68.094481
-46.0,46,68.094525
-36.0,36,68.094565
-16.0,16,68.094601
-2.0,2,68.094635
-2.0,2,68.09467
-200.0,200,68.138678
-96.0,96,68.138816
-79.0,79,68.138893
-74.0,74,68.138934
-65.0,65,68.138972
-32.0,32,68.139007
-32.0,32,68.139042
-200.0,200,68.156815
-96.0,96,68.156927
-79.0,79,68.156995
-74.0,74,68.157052
-65.0,65,68.15709
-44.0,44,68.157126
-13.0,13,68.157162
-13.0,13,68.157196
-200.0,200,68.183762
-96.0,96,68.183893
-79.0,79,68.183942
-74.0,74,68.183983
-65.0,65,68.184022
-32.0,32,68.184059
-19.0,19,68.184095
-19.0,19,68.184131
-200.0,200,68.187162
-182.0,182,68.187258
-63.0,63,68.187306
-24.0,24,68.187349
-13.0,13,68.187404
-2.0,2,68.187441
-2.0,2,68.187476
-200.0,200,68.195889
-96.0,96,68.195999
-79.0,79,68.196085
-74.0,74,68.196126
-65.0,65,68.196165
-44.0,44,68.196203
-20.0,20,68.196239
-6.0,6,68.196275
-6.0,6,68.196311
-200.0,200,68.205495
-96.0,96,68.205617
-79.0,79,68.205686
-74.0,74,68.20575
-65.0,65,68.205791
-44.0,44,68.205829
-20.0,20,68.205866
-6.0,6,68.205903
-6.0,6,68.205939
-200.0,200,68.236385
-96.0,96,68.236507
-79.0,79,68.236556
-74.0,74,68.236597
-65.0,65,68.236636
-32.0,32,68.236673
-18.0,18,68.236709
-18.0,18,68.236745
-200.0,200,68.264131
-96.0,96,68.264269
-79.0,79,68.264317
-74.0,74,68.264358
-65.0,65,68.264397
-44.0,44,68.264434
-20.0,20,68.264471
-20.0,20,68.264508
-200.0,200,68.268305
-96.0,96,68.26839
-79.0,79,68.268456
-50.0,50,68.268497
-46.0,46,68.268535
-36.0,36,68.26857
-16.0,16,68.268606
-2.0,2,68.268641
-2.0,2,68.268675
-200.0,200,68.294999
-96.0,96,68.295101
-79.0,79,68.295148
-74.0,74,68.295189
-65.0,65,68.295228
-32.0,32,68.295265
-19.0,19,68.295301
-19.0,19,68.295337
-200.0,200,68.304183
-96.0,96,68.304275
-79.0,79,68.304322
-74.0,74,68.304363
-65.0,65,68.304401
-44.0,44,68.304437
-20.0,20,68.304472
-6.0,6,68.304507
-6.0,6,68.304542
-200.0,200,68.307684
-96.0,96,68.307772
-79.0,79,68.307817
-50.0,50,68.307856
-46.0,46,68.307893
-36.0,36,68.307928
-16.0,16,68.307962
-2.0,2,68.307996
-2.0,2,68.30803
-200.0,200,68.333691
-96.0,96,68.333808
-79.0,79,68.333855
-74.0,74,68.333896
-65.0,65,68.333933
-32.0,32,68.33397
-19.0,19,68.334006
-19.0,19,68.334041
-200.0,200,68.337428
-96.0,96,68.337525
-79.0,79,68.33757
-50.0,50,68.33761
-46.0,46,68.337647
-36.0,36,68.337682
-16.0,16,68.337718
-2.0,2,68.337752
-2.0,2,68.337787
-200.0,200,68.340901
-182.0,182,68.34098
-63.0,63,68.341027
-24.0,24,68.341067
-13.0,13,68.341104
-2.0,2,68.341139
-2.0,2,68.341173
-200.0,200,68.369292
-96.0,96,68.369393
-79.0,79,68.369441
-74.0,74,68.369481
-65.0,65,68.369519
-44.0,44,68.369555
-20.0,20,68.369591
-20.0,20,68.369626
-200.0,200,68.403104
-96.0,96,68.403238
-79.0,79,68.403301
-74.0,74,68.403343
-65.0,65,68.403382
-32.0,32,68.403419
-19.0,19,68.403454
-19.0,19,68.403489
-200.0,200,68.412054
-96.0,96,68.412149
-79.0,79,68.412197
-74.0,74,68.412253
-65.0,65,68.41229
-44.0,44,68.412326
-6.0,6,68.412361
-6.0,6,68.412395
-200.0,200,68.437326
-96.0,96,68.437446
-79.0,79,68.437494
-74.0,74,68.437535
-65.0,65,68.437573
-32.0,32,68.437609
-18.0,18,68.437645
-18.0,18,68.43768
-200.0,200,68.446729
-96.0,96,68.446837
-79.0,79,68.446886
-74.0,74,68.446928
-65.0,65,68.446968
-44.0,44,68.447005
-20.0,20,68.447042
-6.0,6,68.447079
-6.0,6,68.447129
-200.0,200,68.450846
-182.0,182,68.450935
-63.0,63,68.450982
-24.0,24,68.451023
-13.0,13,68.451061
-2.0,2,68.451097
-2.0,2,68.451132
-200.0,200,68.477611
-96.0,96,68.47771
-79.0,79,68.477757
-74.0,74,68.477798
-65.0,65,68.477835
-32.0,32,68.477871
-19.0,19,68.477907
-19.0,19,68.477943
-200.0,200,68.539329
-96.0,96,68.539434
-79.0,79,68.539497
-74.0,74,68.539538
-65.0,65,68.539589
-44.0,44,68.539626
-41.0,41,68.539662
-41.0,41,68.539697
-200.0,200,68.564074
-96.0,96,68.564195
-79.0,79,68.564244
-74.0,74,68.564301
-65.0,65,68.564339
-32.0,32,68.564374
-18.0,18,68.564409
-18.0,18,68.564443
-200.0,200,68.607808
-96.0,96,68.607915
-79.0,79,68.607965
-74.0,74,68.60801
-65.0,65,68.608052
-32.0,32,68.608091
-32.0,32,68.60813
-200.0,200,68.626029
-96.0,96,68.626148
-79.0,79,68.626198
-74.0,74,68.626255
-65.0,65,68.626292
-44.0,44,68.626328
-13.0,13,68.626362
-13.0,13,68.626397
-200.0,200,68.634879
-96.0,96,68.634982
-79.0,79,68.635035
-74.0,74,68.635107
-65.0,65,68.635145
-44.0,44,68.635182
-20.0,20,68.635217
-6.0,6,68.635252
-6.0,6,68.635286
-200.0,200,68.638534
-182.0,182,68.638635
-63.0,63,68.638702
-24.0,24,68.638757
-13.0,13,68.638795
-2.0,2,68.638831
-2.0,2,68.638867
-200.0,200,68.647304
-96.0,96,68.6474
-79.0,79,68.64745
-74.0,74,68.647508
-65.0,65,68.647571
-44.0,44,68.647626
-20.0,20,68.647663
-6.0,6,68.647699
-6.0,6,68.647734
-200.0,200,68.708201
-96.0,96,68.708305
-79.0,79,68.708352
-74.0,74,68.708393
-65.0,65,68.708432
-44.0,44,68.708468
-41.0,41,68.708504
-41.0,41,68.708539
-200.0,200,68.734365
-96.0,96,68.734493
-79.0,79,68.734576
-74.0,74,68.734637
-65.0,65,68.734683
-32.0,32,68.734721
-19.0,19,68.734757
-19.0,19,68.734804
-200.0,200,68.791236
-96.0,96,68.791343
-79.0,79,68.791405
-74.0,74,68.791446
-65.0,65,68.791484
-44.0,44,68.791521
-41.0,41,68.791569
-41.0,41,68.791607
-200.0,200,68.800593
-96.0,96,68.800697
-79.0,79,68.800748
-74.0,74,68.800792
-65.0,65,68.800833
-44.0,44,68.800872
-20.0,20,68.800922
-6.0,6,68.800958
-6.0,6,68.800993
-200.0,200,68.810466
-96.0,96,68.810575
-79.0,79,68.810657
-74.0,74,68.810703
-65.0,65,68.810744
-44.0,44,68.810782
-20.0,20,68.810818
-6.0,6,68.810854
-6.0,6,68.81089
-200.0,200,68.871675
-96.0,96,68.871784
-79.0,79,68.871834
-74.0,74,68.871877
-65.0,65,68.871918
-44.0,44,68.871957
-41.0,41,68.871994
-41.0,41,68.872033
-200.0,200,68.898457
-96.0,96,68.898585
-79.0,79,68.898649
-74.0,74,68.89869
-65.0,65,68.898729
-32.0,32,68.898765
-19.0,19,68.898801
-19.0,19,68.898836
-200.0,200,68.925347
-96.0,96,68.925447
-79.0,79,68.925494
-74.0,74,68.925535
-65.0,65,68.925574
-32.0,32,68.92561
-19.0,19,68.925646
-19.0,19,68.925682
-200.0,200,68.95034
-96.0,96,68.950456
-79.0,79,68.950503
-74.0,74,68.950546
-65.0,65,68.950585
-32.0,32,68.950622
-18.0,18,68.950657
-18.0,18,68.950693
-200.0,200,68.98237
-96.0,96,68.98247
-79.0,79,68.982517
-74.0,74,68.982559
-65.0,65,68.982597
-32.0,32,68.982633
-19.0,19,68.982689
-19.0,19,68.982725
-200.0,200,68.999929
-96.0,96,69.000063
-79.0,79,69.000111
-74.0,74,69.000152
-65.0,65,69.000192
-44.0,44,69.000228
-13.0,13,69.000264
-13.0,13,69.000299
-200.0,200,69.027895
-96.0,96,69.028046
-79.0,79,69.02811
-74.0,74,69.028152
-65.0,65,69.02819
-44.0,44,69.028226
-20.0,20,69.028261
-20.0,20,69.028296
-200.0,200,69.053799
-96.0,96,69.053916
-79.0,79,69.053963
-74.0,74,69.054005
-65.0,65,69.054044
-32.0,32,69.054081
-18.0,18,69.054117
-18.0,18,69.054153
-200.0,200,69.073084
-96.0,96,69.07318
-79.0,79,69.073235
-74.0,74,69.073277
-65.0,65,69.073314
-44.0,44,69.07335
-13.0,13,69.073385
-13.0,13,69.07342
-200.0,200,69.135972
-96.0,96,69.136074
-79.0,79,69.136122
-74.0,74,69.136163
-65.0,65,69.136201
-44.0,44,69.136238
-41.0,41,69.136274
-41.0,41,69.136309
-200.0,200,69.191684
-96.0,96,69.191812
-79.0,79,69.191861
-74.0,74,69.191917
-65.0,65,69.191955
-44.0,44,69.191992
-41.0,41,69.192028
-41.0,41,69.192064
-200.0,200,69.219364
-96.0,96,69.21948
-79.0,79,69.219527
-74.0,74,69.21958
-65.0,65,69.219619
-32.0,32,69.219657
-19.0,19,69.219693
-19.0,19,69.219728
-200.0,200,69.22324
-96.0,96,69.223321
-79.0,79,69.223366
-50.0,50,69.223408
-46.0,46,69.223445
-36.0,36,69.223481
-16.0,16,69.223516
-2.0,2,69.223558
-2.0,2,69.223594
-200.0,200,69.226702
-182.0,182,69.226832
-63.0,63,69.226884
-24.0,24,69.226955
-13.0,13,69.226992
-2.0,2,69.227028
-2.0,2,69.227064
-200.0,200,69.277228
-96.0,96,69.277336
-79.0,79,69.277388
-74.0,74,69.277445
-65.0,65,69.277483
-32.0,32,69.27752
-32.0,32,69.277556
-200.0,200,69.320726
-96.0,96,69.320828
-79.0,79,69.320876
-74.0,74,69.320917
-65.0,65,69.320956
-32.0,32,69.320994
-32.0,32,69.32103
-200.0,200,69.329402
-96.0,96,69.329498
-79.0,79,69.329551
-74.0,74,69.329625
-65.0,65,69.329664
-44.0,44,69.3297
-6.0,6,69.329735
-6.0,6,69.329779
-200.0,200,69.357367
-96.0,96,69.357475
-79.0,79,69.357542
-74.0,74,69.357614
-65.0,65,69.357653
-44.0,44,69.357691
-20.0,20,69.357728
-20.0,20,69.357764
-200.0,200,69.385391
-96.0,96,69.385498
-79.0,79,69.385609
-74.0,74,69.385649
-65.0,65,69.385686
-44.0,44,69.385723
-20.0,20,69.385758
-20.0,20,69.385792
-200.0,200,69.418154
-96.0,96,69.418257
-79.0,79,69.418303
-74.0,74,69.418344
-65.0,65,69.418382
-44.0,44,69.418419
-20.0,20,69.418453
-20.0,20,69.418488
-200.0,200,69.427305
-96.0,96,69.427416
-79.0,79,69.427464
-74.0,74,69.427522
-65.0,65,69.42757
-44.0,44,69.427608
-20.0,20,69.427643
-6.0,6,69.427679
-6.0,6,69.427714
-200.0,200,69.436296
-96.0,96,69.436394
-79.0,79,69.436447
-74.0,74,69.436522
-65.0,65,69.43656
-44.0,44,69.436597
-6.0,6,69.436632
-6.0,6,69.436667
-200.0,200,69.439677
-96.0,96,69.439777
-79.0,79,69.439825
-50.0,50,69.439876
-46.0,46,69.439934
-36.0,36,69.439994
-16.0,16,69.44005
-2.0,2,69.4401
-2.0,2,69.440156
-200.0,200,69.497322
-96.0,96,69.497422
-79.0,79,69.497471
-74.0,74,69.497512
-65.0,65,69.49755
-44.0,44,69.497587
-41.0,41,69.497624
-41.0,41,69.497659
-200.0,200,69.506725
-96.0,96,69.50685
-79.0,79,69.506899
-74.0,74,69.506957
-65.0,65,69.506995
-44.0,44,69.507032
-6.0,6,69.507068
-6.0,6,69.507104
-200.0,200,69.53394
-96.0,96,69.534052
-79.0,79,69.534118
-74.0,74,69.534158
-65.0,65,69.534197
-32.0,32,69.534233
-19.0,19,69.534268
-19.0,19,69.534303
-200.0,200,69.595886
-96.0,96,69.595988
-79.0,79,69.596035
-74.0,74,69.596076
-65.0,65,69.596114
-44.0,44,69.59615
-41.0,41,69.596185
-41.0,41,69.59622
-200.0,200,69.599528
-96.0,96,69.599634
-79.0,79,69.59968
-50.0,50,69.59972
-46.0,46,69.599757
-36.0,36,69.599792
-16.0,16,69.599827
-2.0,2,69.599861
-2.0,2,69.599895
-200.0,200,69.609322
-96.0,96,69.609426
-79.0,79,69.609475
-74.0,74,69.609517
-65.0,65,69.609555
-44.0,44,69.609593
-20.0,20,69.609629
-6.0,6,69.609665
-6.0,6,69.6097
-200.0,200,69.613682
-96.0,96,69.613776
-79.0,79,69.613824
-50.0,50,69.613867
-46.0,46,69.613906
-36.0,36,69.613945
-16.0,16,69.613982
-2.0,2,69.614018
-2.0,2,69.614054
-200.0,200,69.657728
-96.0,96,69.657836
-79.0,79,69.657903
-74.0,74,69.657958
-65.0,65,69.657995
-32.0,32,69.658031
-32.0,32,69.658091
-200.0,200,69.676226
-96.0,96,69.676348
-79.0,79,69.676427
-74.0,74,69.676467
-65.0,65,69.676505
-44.0,44,69.676542
-13.0,13,69.676577
-13.0,13,69.676612
-200.0,200,69.679863
-182.0,182,69.679955
-63.0,63,69.680034
-24.0,24,69.680075
-13.0,13,69.680113
-2.0,2,69.68015
-2.0,2,69.680186
-200.0,200,69.683497
-96.0,96,69.683611
-79.0,79,69.683672
-50.0,50,69.683713
-46.0,46,69.683752
-36.0,36,69.683789
-16.0,16,69.683826
-2.0,2,69.683869
-2.0,2,69.683905
-200.0,200,69.693071
-96.0,96,69.69317
-79.0,79,69.693218
-74.0,74,69.69326
-65.0,65,69.6933
-44.0,44,69.693337
-20.0,20,69.693374
-6.0,6,69.69341
-6.0,6,69.693445
-200.0,200,69.696719
-182.0,182,69.696801
-63.0,63,69.696848
-24.0,24,69.696889
-13.0,13,69.696926
-2.0,2,69.696963
-2.0,2,69.696999
-200.0,200,69.730143
-96.0,96,69.730266
-79.0,79,69.73033
-74.0,74,69.730371
-65.0,65,69.730408
-44.0,44,69.730445
-20.0,20,69.73048
-20.0,20,69.730515
-200.0,200,69.733695
-96.0,96,69.733788
-79.0,79,69.733834
-50.0,50,69.733874
-46.0,46,69.733912
-36.0,36,69.733949
-16.0,16,69.733984
-2.0,2,69.734019
-2.0,2,69.734053
-200.0,200,69.789395
-96.0,96,69.789498
-79.0,79,69.789546
-74.0,74,69.789588
-65.0,65,69.789626
-44.0,44,69.789663
-41.0,41,69.789699
-41.0,41,69.789735
-200.0,200,69.83298
-96.0,96,69.833087
-79.0,79,69.833153
-74.0,74,69.833194
-65.0,65,69.833233
-32.0,32,69.83327
-32.0,32,69.833306
-200.0,200,69.865265
-96.0,96,69.865386
-79.0,79,69.865435
-74.0,74,69.865477
-65.0,65,69.865515
-32.0,32,69.865552
-19.0,19,69.865588
-19.0,19,69.865623
-200.0,200,69.89358
-96.0,96,69.893682
-79.0,79,69.893729
-74.0,74,69.89377
-65.0,65,69.893809
-44.0,44,69.893845
-20.0,20,69.893882
-20.0,20,69.893917
-200.0,200,69.897337
-96.0,96,69.897419
-79.0,79,69.897468
-50.0,50,69.897523
-46.0,46,69.897561
-36.0,36,69.897597
-16.0,16,69.897632
-2.0,2,69.897666
-2.0,2,69.897701
-200.0,200,69.90614
-96.0,96,69.906232
-79.0,79,69.906294
-74.0,74,69.906334
-65.0,65,69.906373
-44.0,44,69.906409
-6.0,6,69.906445
-6.0,6,69.90648
-200.0,200,69.949202
-96.0,96,69.949319
-79.0,79,69.949366
-74.0,74,69.949407
-65.0,65,69.949445
-32.0,32,69.949482
-32.0,32,69.949518
-200.0,200,69.967345
-96.0,96,69.967451
-79.0,79,69.967498
-74.0,74,69.96755
-65.0,65,69.967597
-44.0,44,69.967636
-13.0,13,69.967672
-13.0,13,69.967708
-200.0,200,69.971184
-96.0,96,69.971268
-79.0,79,69.971315
-50.0,50,69.971357
-46.0,46,69.971395
-36.0,36,69.971431
-16.0,16,69.971467
-2.0,2,69.971502
-2.0,2,69.971537
-200.0,200,70.020144
-96.0,96,70.020248
-79.0,79,70.020296
-74.0,74,70.020338
-65.0,65,70.020376
-32.0,32,70.020414
-32.0,32,70.02045
-200.0,200,70.023599
-96.0,96,70.023677
-79.0,79,70.023723
-50.0,50,70.023764
-46.0,46,70.023802
-36.0,36,70.023839
-16.0,16,70.023875
-2.0,2,70.023909
-2.0,2,70.023944
-200.0,200,70.067322
-96.0,96,70.067432
-79.0,79,70.067486
-74.0,74,70.067571
-65.0,65,70.067611
-32.0,32,70.067647
-32.0,32,70.067682
-200.0,200,70.075811
-96.0,96,70.075918
-79.0,79,70.075966
-74.0,74,70.076009
-65.0,65,70.076048
-44.0,44,70.076085
-6.0,6,70.076122
-6.0,6,70.076158
-200.0,200,70.08497
-96.0,96,70.08507
-79.0,79,70.085118
-74.0,74,70.08516
-65.0,65,70.085197
-44.0,44,70.085234
-6.0,6,70.08527
-6.0,6,70.085305
-200.0,200,70.111755
-96.0,96,70.11186
-79.0,79,70.111908
-74.0,74,70.11195
-65.0,65,70.111989
-32.0,32,70.11204
-19.0,19,70.112095
-19.0,19,70.112146
-200.0,200,70.130012
-96.0,96,70.130117
-79.0,79,70.130196
-74.0,74,70.130235
-65.0,65,70.130274
-44.0,44,70.130311
-13.0,13,70.130347
-13.0,13,70.130382
-200.0,200,70.138777
-182.0,182,70.138865
-63.0,63,70.138913
-24.0,24,70.138961
-13.0,13,70.139003
-2.0,2,70.139039
-2.0,2,70.139074
-200.0,200,70.157631
-96.0,96,70.157738
-79.0,79,70.157791
-74.0,74,70.157866
-65.0,65,70.157904
-44.0,44,70.157941
-13.0,13,70.157976
-13.0,13,70.158011
-200.0,200,70.201383
-96.0,96,70.201502
-79.0,79,70.20155
-74.0,74,70.201591
-65.0,65,70.20163
-32.0,32,70.201668
-32.0,32,70.201703
-200.0,200,70.210802
-96.0,96,70.210917
-79.0,79,70.21098
-74.0,74,70.211022
-65.0,65,70.211061
-44.0,44,70.211098
-20.0,20,70.211134
-6.0,6,70.211169
-6.0,6,70.211204
-200.0,200,70.23726
-96.0,96,70.237367
-79.0,79,70.237417
-74.0,74,70.237459
-65.0,65,70.237498
-32.0,32,70.237535
-19.0,19,70.237572
-19.0,19,70.237608
-200.0,200,70.297369
-96.0,96,70.297472
-79.0,79,70.297521
-74.0,74,70.297562
-65.0,65,70.297609
-44.0,44,70.297647
-41.0,41,70.297683
-41.0,41,70.297719
-200.0,200,70.301282
-96.0,96,70.301369
-79.0,79,70.301435
-50.0,50,70.301479
-46.0,46,70.301519
-36.0,36,70.301558
-16.0,16,70.301595
-2.0,2,70.301634
-2.0,2,70.301671
-200.0,200,70.304808
-96.0,96,70.304892
-79.0,79,70.30494
-50.0,50,70.304983
-46.0,46,70.305023
-36.0,36,70.305062
-16.0,16,70.3051
-2.0,2,70.305137
-2.0,2,70.305174
-200.0,200,70.314398
-96.0,96,70.314508
-79.0,79,70.314591
-74.0,74,70.314632
-65.0,65,70.314671
-44.0,44,70.314709
-20.0,20,70.314745
-6.0,6,70.31478
-6.0,6,70.314816
-200.0,200,70.340516
-96.0,96,70.340635
-79.0,79,70.340683
-74.0,74,70.340724
-65.0,65,70.340763
-32.0,32,70.340801
-18.0,18,70.340837
-18.0,18,70.340874
-200.0,200,70.349498
-96.0,96,70.349607
-79.0,79,70.349654
-74.0,74,70.349695
-65.0,65,70.349763
-44.0,44,70.349801
-20.0,20,70.349837
-6.0,6,70.349872
-6.0,6,70.349908
-200.0,200,70.353341
-96.0,96,70.35342
-79.0,79,70.353467
-50.0,50,70.353507
-46.0,46,70.353545
-36.0,36,70.35358
-16.0,16,70.353615
-2.0,2,70.353649
-2.0,2,70.353683
-200.0,200,70.373003
-96.0,96,70.373114
-79.0,79,70.373168
-74.0,74,70.373228
-65.0,65,70.373267
-44.0,44,70.373303
-13.0,13,70.373339
-13.0,13,70.373374
-200.0,200,70.381981
-96.0,96,70.38208
-79.0,79,70.382131
-74.0,74,70.382176
-65.0,65,70.382245
-44.0,44,70.382282
-6.0,6,70.382318
-6.0,6,70.382353
-200.0,200,70.407342
-96.0,96,70.407475
-79.0,79,70.407549
-74.0,74,70.407595
-65.0,65,70.407634
-32.0,32,70.407672
-18.0,18,70.407709
-18.0,18,70.407744
-200.0,200,70.425248
-96.0,96,70.425368
-79.0,79,70.425418
-74.0,74,70.42546
-65.0,65,70.425513
-44.0,44,70.425549
-13.0,13,70.425584
-13.0,13,70.425618
-200.0,200,70.457573
-96.0,96,70.45769
-79.0,79,70.457737
-74.0,74,70.457778
-65.0,65,70.457815
-32.0,32,70.457852
-19.0,19,70.457887
-19.0,19,70.457922
-200.0,200,70.461152
-182.0,182,70.461244
-63.0,63,70.46129
-24.0,24,70.46133
-13.0,13,70.461367
-2.0,2,70.461404
-2.0,2,70.461439
-200.0,200,70.489486
-96.0,96,70.489644
-79.0,79,70.489694
-74.0,74,70.489736
-65.0,65,70.489774
-44.0,44,70.489811
-20.0,20,70.489846
-20.0,20,70.489881
-200.0,200,70.498636
-96.0,96,70.498763
-79.0,79,70.498816
-74.0,74,70.49889
-65.0,65,70.498928
-44.0,44,70.498965
-6.0,6,70.499001
-6.0,6,70.499036
-200.0,200,70.524127
-96.0,96,70.524235
-79.0,79,70.524313
-74.0,74,70.524354
-65.0,65,70.524392
-32.0,32,70.524428
-18.0,18,70.524463
-18.0,18,70.524498
-200.0,200,70.551778
-96.0,96,70.551883
-79.0,79,70.551945
-74.0,74,70.551987
-65.0,65,70.552026
-44.0,44,70.552063
-20.0,20,70.5521
-20.0,20,70.552136
-200.0,200,70.585444
-96.0,96,70.585542
-79.0,79,70.58559
-74.0,74,70.58563
-65.0,65,70.585667
-44.0,44,70.585703
-20.0,20,70.585738
-20.0,20,70.585773
-200.0,200,70.610511
-96.0,96,70.61062
-79.0,79,70.610671
-74.0,74,70.610716
-65.0,65,70.610771
-32.0,32,70.610808
-18.0,18,70.610845
-18.0,18,70.610882
-200.0,200,70.636899
-96.0,96,70.637003
-79.0,79,70.637069
-74.0,74,70.637111
-65.0,65,70.63715
-32.0,32,70.637187
-19.0,19,70.637224
-19.0,19,70.63726
-200.0,200,70.66557
-96.0,96,70.665673
-79.0,79,70.665722
-74.0,74,70.665763
-65.0,65,70.665801
-44.0,44,70.665837
-20.0,20,70.665873
-20.0,20,70.665908
-200.0,200,70.66951
-96.0,96,70.669597
-79.0,79,70.669658
-50.0,50,70.669698
-46.0,46,70.669736
-36.0,36,70.669772
-16.0,16,70.669808
-2.0,2,70.669843
-2.0,2,70.669878
-200.0,200,70.731238
-96.0,96,70.731347
-79.0,79,70.731413
-74.0,74,70.731468
-65.0,65,70.731507
-44.0,44,70.731552
-41.0,41,70.731594
-41.0,41,70.731629
-200.0,200,70.740792
-96.0,96,70.740884
-79.0,79,70.740946
-74.0,74,70.740988
-65.0,65,70.741026
-44.0,44,70.741063
-20.0,20,70.741098
-6.0,6,70.741133
-6.0,6,70.741168
-200.0,200,70.744858
-96.0,96,70.744991
-79.0,79,70.745039
-50.0,50,70.74508
-46.0,46,70.745118
-36.0,36,70.745154
-16.0,16,70.745191
-2.0,2,70.745227
-2.0,2,70.745262
-200.0,200,70.754324
-96.0,96,70.754418
-79.0,79,70.754465
-74.0,74,70.754514
-65.0,65,70.754554
-44.0,44,70.754591
-20.0,20,70.754627
-6.0,6,70.754663
-6.0,6,70.754698
-200.0,200,70.783151
-96.0,96,70.783253
-79.0,79,70.7833
-74.0,74,70.78334
-65.0,65,70.783378
-44.0,44,70.783416
-20.0,20,70.783452
-20.0,20,70.783487
-200.0,200,70.801687
-96.0,96,70.801797
-79.0,79,70.801865
-74.0,74,70.801909
-65.0,65,70.80195
-44.0,44,70.801991
-13.0,13,70.802029
-13.0,13,70.802066
-200.0,200,70.857395
-96.0,96,70.85752
-79.0,79,70.857573
-74.0,74,70.857644
-65.0,65,70.857682
-44.0,44,70.857719
-41.0,41,70.857755
-41.0,41,70.857791
-200.0,200,70.866184
-96.0,96,70.8663
-79.0,79,70.866349
-74.0,74,70.86639
-65.0,65,70.866429
-44.0,44,70.866466
-6.0,6,70.866502
-6.0,6,70.866538
-200.0,200,70.869807
-96.0,96,70.8699
-79.0,79,70.869963
-50.0,50,70.870005
-46.0,46,70.870044
-36.0,36,70.870081
-16.0,16,70.870117
-2.0,2,70.870153
-2.0,2,70.870188
-200.0,200,70.878623
-182.0,182,70.878717
-63.0,63,70.878763
-24.0,24,70.878804
-13.0,13,70.878842
-2.0,2,70.878878
-2.0,2,70.878913
-200.0,200,70.882344
-182.0,182,70.88243
-63.0,63,70.88248
-24.0,24,70.882536
-13.0,13,70.882573
-2.0,2,70.882609
-2.0,2,70.882645
-200.0,200,70.90874
-96.0,96,70.908841
-79.0,79,70.908889
-74.0,74,70.90893
-65.0,65,70.908969
-32.0,32,70.909005
-19.0,19,70.90904
-19.0,19,70.909075
-200.0,200,70.912127
-182.0,182,70.912219
-63.0,63,70.912271
-24.0,24,70.912332
-13.0,13,70.912385
-2.0,2,70.912421
-2.0,2,70.912457
-200.0,200,70.955948
-96.0,96,70.956049
-79.0,79,70.956096
-74.0,74,70.956137
-65.0,65,70.956175
-32.0,32,70.956211
-32.0,32,70.956246
-200.0,200,70.96476
-96.0,96,70.964855
-79.0,79,70.964904
-74.0,74,70.964948
-65.0,65,70.964988
-44.0,44,70.965026
-6.0,6,70.965064
-6.0,6,70.9651
-200.0,200,71.025277
-96.0,96,71.025386
-79.0,79,71.025456
-74.0,74,71.025514
-65.0,65,71.025553
-44.0,44,71.025592
-41.0,41,71.025629
-41.0,41,71.025666
-200.0,200,71.053532
-96.0,96,71.053634
-79.0,79,71.053682
-74.0,74,71.053723
-65.0,65,71.053761
-44.0,44,71.053797
-20.0,20,71.053834
-20.0,20,71.053869
-200.0,200,71.111653
-96.0,96,71.111751
-79.0,79,71.111797
-74.0,74,71.111847
-65.0,65,71.111887
-44.0,44,71.111924
-41.0,41,71.11196
-41.0,41,71.111995
-200.0,200,71.172962
-96.0,96,71.173088
-79.0,79,71.173153
-74.0,74,71.173195
-65.0,65,71.173233
-44.0,44,71.17327
-41.0,41,71.173307
-41.0,41,71.173343
-200.0,200,71.182219
-96.0,96,71.182346
-79.0,79,71.1824
-74.0,74,71.182475
-65.0,65,71.182513
-44.0,44,71.182551
-20.0,20,71.182586
-6.0,6,71.182621
-6.0,6,71.182657
-200.0,200,71.238479
-96.0,96,71.238629
-79.0,79,71.238733
-74.0,74,71.238776
-65.0,65,71.238814
-44.0,44,71.238852
-41.0,41,71.238887
-41.0,41,71.238922
-200.0,200,71.241976
-182.0,182,71.242096
-63.0,63,71.24214
-24.0,24,71.24218
-13.0,13,71.242216
-2.0,2,71.242251
-2.0,2,71.242286
-200.0,200,71.250752
-96.0,96,71.250849
-79.0,79,71.250895
-74.0,74,71.250936
-65.0,65,71.250974
-44.0,44,71.251011
-20.0,20,71.251047
-6.0,6,71.251082
-6.0,6,71.251117
-200.0,200,71.259782
-96.0,96,71.259878
-79.0,79,71.259925
-74.0,74,71.259967
-65.0,65,71.260005
-44.0,44,71.260042
-20.0,20,71.260079
-6.0,6,71.260114
-6.0,6,71.26015
-200.0,200,71.286355
-96.0,96,71.286459
-79.0,79,71.286521
-74.0,74,71.286561
-65.0,65,71.286599
-32.0,32,71.286635
-19.0,19,71.28667
-19.0,19,71.286705
-200.0,200,71.304901
-96.0,96,71.305006
-79.0,79,71.305054
-74.0,74,71.305096
-65.0,65,71.305136
-44.0,44,71.305173
-13.0,13,71.305209
-13.0,13,71.305246
-200.0,200,71.308801
-96.0,96,71.308882
-79.0,79,71.30893
-50.0,50,71.308973
-46.0,46,71.309012
-36.0,36,71.309049
-16.0,16,71.309086
-2.0,2,71.309122
-2.0,2,71.309158
-200.0,200,71.358087
-96.0,96,71.358191
-79.0,79,71.358239
-74.0,74,71.358281
-65.0,65,71.35832
-32.0,32,71.358357
-32.0,32,71.358393
-200.0,200,71.377149
-96.0,96,71.377266
-79.0,79,71.377313
-74.0,74,71.377355
-65.0,65,71.377393
-44.0,44,71.37743
-13.0,13,71.377466
-13.0,13,71.377501
-200.0,200,71.386483
-96.0,96,71.386619
-79.0,79,71.386665
-74.0,74,71.386706
-65.0,65,71.386743
-44.0,44,71.386779
-20.0,20,71.386813
-6.0,6,71.386847
-6.0,6,71.386881
-200.0,200,71.414668
-96.0,96,71.414768
-79.0,79,71.414815
-74.0,74,71.414857
-65.0,65,71.414894
-44.0,44,71.414931
-20.0,20,71.414967
-20.0,20,71.415003
-200.0,200,71.463984
-96.0,96,71.464092
-79.0,79,71.464145
-74.0,74,71.464205
-65.0,65,71.464258
-32.0,32,71.464295
-32.0,32,71.464331
-200.0,200,71.472766
-96.0,96,71.472858
-79.0,79,71.472903
-74.0,74,71.472944
-65.0,65,71.472981
-44.0,44,71.473017
-6.0,6,71.473052
-6.0,6,71.473086
-200.0,200,71.500776
-96.0,96,71.500885
-79.0,79,71.500966
-74.0,74,71.501007
-65.0,65,71.501043
-44.0,44,71.501079
-20.0,20,71.501116
-20.0,20,71.501151
-200.0,200,71.509845
-96.0,96,71.509964
-79.0,79,71.510043
-74.0,74,71.510101
-65.0,65,71.51014
-44.0,44,71.510177
-20.0,20,71.510214
-6.0,6,71.51025
-6.0,6,71.510285
-200.0,200,71.536783
-96.0,96,71.536885
-79.0,79,71.536932
-74.0,74,71.536973
-65.0,65,71.537011
-32.0,32,71.537049
-19.0,19,71.537086
-19.0,19,71.537121
-200.0,200,71.563993
-96.0,96,71.564092
-79.0,79,71.56414
-74.0,74,71.56418
-65.0,65,71.564217
-32.0,32,71.564253
-19.0,19,71.564288
-19.0,19,71.564323
-200.0,200,71.61347
-96.0,96,71.613594
-79.0,79,71.613651
-74.0,74,71.613692
-65.0,65,71.61373
-32.0,32,71.613766
-32.0,32,71.613801
-200.0,200,71.638617
-96.0,96,71.63872
-79.0,79,71.638784
-74.0,74,71.638824
-65.0,65,71.638863
-32.0,32,71.638899
-18.0,18,71.638934
-18.0,18,71.638969
-200.0,200,71.664754
-96.0,96,71.664873
-79.0,79,71.664923
-74.0,74,71.66498
-65.0,65,71.665018
-32.0,32,71.665056
-19.0,19,71.665092
-19.0,19,71.665127
-200.0,200,71.668455
-182.0,182,71.668539
-63.0,63,71.668585
-24.0,24,71.668625
-13.0,13,71.668663
-2.0,2,71.668699
-2.0,2,71.668734
-200.0,200,71.723899
-96.0,96,71.724008
-79.0,79,71.724058
-74.0,74,71.7241
-65.0,65,71.724139
-44.0,44,71.724178
-41.0,41,71.724216
-41.0,41,71.724252
-200.0,200,71.773358
-96.0,96,71.773467
-79.0,79,71.773533
-74.0,74,71.773573
-65.0,65,71.773611
-32.0,32,71.773647
-32.0,32,71.773683
-200.0,200,71.828899
-96.0,96,71.82904
-79.0,79,71.829124
-74.0,74,71.829165
-65.0,65,71.829203
-44.0,44,71.829242
-41.0,41,71.829278
-41.0,41,71.829314
-200.0,200,71.847987
-96.0,96,71.848102
-79.0,79,71.84815
-74.0,74,71.848193
-65.0,65,71.848233
-44.0,44,71.848271
-13.0,13,71.848307
-13.0,13,71.848343
-200.0,200,71.857112
-96.0,96,71.857229
-79.0,79,71.857276
-74.0,74,71.857317
-65.0,65,71.857356
-44.0,44,71.857393
-6.0,6,71.857428
-6.0,6,71.857464
-200.0,200,71.861006
-96.0,96,71.861169
-79.0,79,71.861215
-50.0,50,71.861254
-46.0,46,71.861291
-36.0,36,71.861327
-16.0,16,71.861363
-2.0,2,71.861398
-2.0,2,71.861432
-200.0,200,71.87935
-96.0,96,71.879447
-79.0,79,71.879492
-74.0,74,71.879532
-65.0,65,71.879577
-44.0,44,71.879613
-13.0,13,71.879648
-13.0,13,71.879683
-200.0,200,71.912963
-96.0,96,71.913066
-79.0,79,71.913115
-74.0,74,71.913156
-65.0,65,71.913194
-32.0,32,71.913232
-19.0,19,71.913268
-19.0,19,71.913303
-200.0,200,71.91674
-96.0,96,71.916824
-79.0,79,71.91687
-50.0,50,71.91691
-46.0,46,71.916947
-36.0,36,71.916995
-16.0,16,71.917049
-2.0,2,71.917093
-2.0,2,71.917129
-200.0,200,71.920482
-182.0,182,71.920585
-63.0,63,71.92065
-24.0,24,71.92069
-13.0,13,71.920727
-2.0,2,71.920763
-2.0,2,71.920798
-200.0,200,71.964795
-96.0,96,71.964895
-79.0,79,71.964942
-74.0,74,71.964984
-65.0,65,71.965022
-32.0,32,71.96506
-32.0,32,71.965096
-200.0,200,71.968401
-96.0,96,71.96848
-79.0,79,71.968526
-50.0,50,71.968567
-46.0,46,71.968605
-36.0,36,71.968643
-16.0,16,71.968679
-2.0,2,71.968714
-2.0,2,71.968748
-200.0,200,71.995491
-96.0,96,71.99562
-79.0,79,71.995668
-74.0,74,71.995708
-65.0,65,71.995745
-44.0,44,71.995781
-20.0,20,71.995817
-20.0,20,71.995853
-200.0,200,72.045261
-96.0,96,72.045355
-79.0,79,72.045402
-74.0,74,72.045442
-65.0,65,72.04548
-32.0,32,72.045516
-32.0,32,72.045552
-200.0,200,72.064043
-96.0,96,72.064162
-79.0,79,72.06421
-74.0,74,72.064252
-65.0,65,72.064292
-44.0,44,72.064329
-13.0,13,72.064365
-13.0,13,72.064401
-200.0,200,72.073434
-96.0,96,72.073547
-79.0,79,72.073594
-74.0,74,72.073636
-65.0,65,72.073674
-44.0,44,72.073711
-6.0,6,72.073747
-6.0,6,72.073783
-200.0,200,72.077528
-96.0,96,72.077628
-79.0,79,72.077694
-50.0,50,72.077738
-46.0,46,72.077778
-36.0,36,72.077816
-16.0,16,72.077853
-2.0,2,72.07789
-2.0,2,72.077927
-200.0,200,72.104059
-96.0,96,72.10418
-79.0,79,72.104243
-74.0,74,72.104284
-65.0,65,72.104322
-32.0,32,72.104359
-19.0,19,72.104394
-19.0,19,72.104429
-200.0,200,72.131848
-96.0,96,72.13195
-79.0,79,72.131999
-74.0,74,72.132041
-65.0,65,72.132078
-44.0,44,72.132116
-20.0,20,72.132152
-20.0,20,72.132187
-200.0,200,72.159969
-96.0,96,72.160072
-79.0,79,72.16012
-74.0,74,72.16016
-65.0,65,72.160197
-44.0,44,72.160234
-20.0,20,72.160269
-20.0,20,72.160305
-200.0,200,72.193136
-96.0,96,72.193232
-79.0,79,72.193279
-74.0,74,72.19332
-65.0,65,72.193358
-44.0,44,72.193394
-20.0,20,72.19343
-20.0,20,72.193465
-200.0,200,72.219989
-96.0,96,72.22009
-79.0,79,72.220139
-74.0,74,72.22018
-65.0,65,72.220219
-32.0,32,72.220257
-19.0,19,72.220294
-19.0,19,72.220329
-200.0,200,72.22907
-96.0,96,72.229188
-79.0,79,72.229255
-74.0,74,72.229296
-65.0,65,72.229336
-44.0,44,72.229374
-20.0,20,72.229411
-6.0,6,72.229447
-6.0,6,72.229484
-200.0,200,72.254662
-96.0,96,72.254783
-79.0,79,72.254832
-74.0,74,72.254874
-65.0,65,72.254927
-32.0,32,72.254963
-18.0,18,72.254997
-18.0,18,72.255032
-200.0,200,72.281539
-96.0,96,72.281641
-79.0,79,72.281687
-74.0,74,72.281727
-65.0,65,72.281764
-32.0,32,72.281801
-19.0,19,72.281837
-19.0,19,72.281872
-200.0,200,72.290839
-96.0,96,72.290946
-79.0,79,72.29101
-74.0,74,72.291052
-65.0,65,72.291091
-44.0,44,72.291128
-20.0,20,72.291165
-6.0,6,72.2912
-6.0,6,72.291236
-200.0,200,72.300228
-96.0,96,72.300355
-79.0,79,72.300407
-74.0,74,72.300481
-65.0,65,72.300519
-44.0,44,72.300555
-6.0,6,72.30059
-6.0,6,72.300625
-200.0,200,72.303813
-182.0,182,72.3039
-63.0,63,72.30395
-24.0,24,72.303993
-13.0,13,72.304034
-2.0,2,72.304072
-2.0,2,72.30411
-200.0,200,72.328223
-96.0,96,72.32838
-79.0,79,72.328427
-74.0,74,72.328469
-65.0,65,72.328509
-32.0,32,72.328547
-18.0,18,72.328583
-18.0,18,72.328618
-200.0,200,72.360829
-96.0,96,72.360932
-79.0,79,72.360978
-74.0,74,72.361019
-65.0,65,72.361056
-32.0,32,72.361091
-19.0,19,72.361126
-19.0,19,72.36116
-200.0,200,72.385527
-96.0,96,72.385641
-79.0,79,72.385693
-74.0,74,72.385736
-65.0,65,72.385775
-32.0,32,72.385813
-18.0,18,72.38585
-18.0,18,72.385887
-200.0,200,72.389452
-96.0,96,72.389559
-79.0,79,72.389605
-50.0,50,72.389646
-46.0,46,72.389685
-36.0,36,72.389721
-16.0,16,72.389756
-2.0,2,72.389791
-2.0,2,72.389826
-200.0,200,72.414811
-96.0,96,72.414944
-79.0,79,72.41499
-74.0,74,72.41503
-65.0,65,72.415068
-32.0,32,72.415105
-18.0,18,72.41514
-18.0,18,72.415174
-200.0,200,72.423994
-96.0,96,72.42409
-79.0,79,72.424137
-74.0,74,72.424176
-65.0,65,72.424214
-44.0,44,72.42425
-20.0,20,72.424285
-6.0,6,72.42432
-6.0,6,72.424369
-200.0,200,72.467964
-96.0,96,72.468066
-79.0,79,72.468112
-74.0,74,72.468153
-65.0,65,72.468191
-32.0,32,72.468227
-32.0,32,72.468262
-200.0,200,72.500099
-96.0,96,72.50022
-79.0,79,72.500268
-74.0,74,72.50031
-65.0,65,72.500349
-32.0,32,72.500387
-19.0,19,72.500424
-19.0,19,72.50046
-200.0,200,72.503581
-182.0,182,72.503692
-63.0,63,72.503739
-24.0,24,72.503779
-13.0,13,72.503818
-2.0,2,72.503854
-2.0,2,72.50389
-200.0,200,72.529331
-96.0,96,72.529431
-79.0,79,72.529478
-74.0,74,72.529518
-65.0,65,72.529556
-32.0,32,72.529592
-18.0,18,72.529627
-18.0,18,72.529661
-200.0,200,72.5384
-96.0,96,72.538521
-79.0,79,72.538567
-74.0,74,72.538608
-65.0,65,72.538645
-44.0,44,72.538681
-20.0,20,72.538716
-6.0,6,72.53875
-6.0,6,72.538785
-200.0,200,72.58078
-96.0,96,72.580886
-79.0,79,72.580959
-74.0,74,72.581001
-65.0,65,72.581038
-32.0,32,72.581074
-32.0,32,72.58111
-200.0,200,72.642999
-96.0,96,72.6431
-79.0,79,72.643147
-74.0,74,72.643186
-65.0,65,72.643223
-44.0,44,72.64326
-41.0,41,72.643295
-41.0,41,72.643329
-200.0,200,72.646572
-96.0,96,72.64667
-79.0,79,72.646718
-50.0,50,72.64676
-46.0,46,72.646812
-36.0,36,72.646847
-16.0,16,72.646881
-2.0,2,72.646914
-2.0,2,72.646949
-200.0,200,72.672133
-96.0,96,72.672282
-79.0,79,72.672369
-74.0,74,72.672431
-65.0,65,72.67249
-32.0,32,72.672544
-18.0,18,72.6726
-18.0,18,72.672654
-200.0,200,72.690809
-96.0,96,72.690914
-79.0,79,72.690968
-74.0,74,72.691041
-65.0,65,72.69108
-44.0,44,72.691117
-13.0,13,72.691153
-13.0,13,72.691188
-200.0,200,72.734636
-96.0,96,72.734758
-79.0,79,72.734804
-74.0,74,72.734845
-65.0,65,72.734883
-32.0,32,72.734919
-32.0,32,72.734954
-200.0,200,72.743833
-96.0,96,72.74392
-79.0,79,72.743965
-74.0,74,72.744007
-65.0,65,72.744045
-44.0,44,72.74408
-20.0,20,72.744115
-6.0,6,72.74415
-6.0,6,72.744184
-200.0,200,72.769006
-96.0,96,72.769112
-79.0,79,72.769176
-74.0,74,72.769216
-65.0,65,72.769254
-32.0,32,72.76929
-18.0,18,72.769326
-18.0,18,72.769361
-200.0,200,72.78398
-96.0,96,72.784095
-79.0,79,72.784143
-74.0,74,72.784185
-65.0,65,72.784224
-44.0,44,72.784262
-6.0,6,72.784297
-6.0,6,72.784333
-200.0,200,72.827987
-96.0,96,72.828089
-79.0,79,72.828135
-74.0,74,72.828176
-65.0,65,72.828214
-32.0,32,72.82825
-32.0,32,72.828286
-200.0,200,72.836973
-96.0,96,72.837066
-79.0,79,72.837116
-74.0,74,72.837172
-65.0,65,72.837209
-44.0,44,72.837246
-20.0,20,72.837281
-6.0,6,72.837317
-6.0,6,72.837351
-200.0,200,72.863078
-96.0,96,72.863208
-79.0,79,72.863259
-74.0,74,72.863316
-65.0,65,72.863354
-32.0,32,72.863391
-19.0,19,72.863427
-19.0,19,72.863463
-200.0,200,72.880897
-96.0,96,72.880992
-79.0,79,72.88104
-74.0,74,72.88108
-65.0,65,72.881118
-44.0,44,72.881155
-13.0,13,72.88119
-13.0,13,72.881225
-200.0,200,72.93005
-96.0,96,72.930167
-79.0,79,72.93023
-74.0,74,72.930271
-65.0,65,72.930309
-32.0,32,72.930345
-32.0,32,72.93038
-200.0,200,72.973253
-96.0,96,72.973378
-79.0,79,72.973458
-74.0,74,72.973499
-65.0,65,72.973537
-32.0,32,72.973574
-32.0,32,72.973609
-200.0,200,73.016008
-96.0,96,73.016108
-79.0,79,73.016155
-74.0,74,73.016197
-65.0,65,73.016236
-32.0,32,73.016273
-32.0,32,73.016309
-200.0,200,73.043663
-96.0,96,73.043798
-79.0,79,73.043878
-74.0,74,73.04392
-65.0,65,73.043958
-44.0,44,73.043995
-20.0,20,73.044032
-20.0,20,73.044067
-200.0,200,73.092714
-96.0,96,73.092816
-79.0,79,73.092863
-74.0,74,73.092904
-65.0,65,73.092942
-32.0,32,73.092978
-32.0,32,73.093013
-200.0,200,73.101515
-96.0,96,73.101609
-79.0,79,73.10166
-74.0,74,73.101705
-65.0,65,73.101789
-44.0,44,73.101827
-20.0,20,73.101864
-6.0,6,73.1019
-6.0,6,73.101936
-200.0,200,73.128245
-96.0,96,73.128363
-79.0,79,73.128411
-74.0,74,73.128451
-65.0,65,73.128489
-32.0,32,73.128525
-19.0,19,73.12856
-19.0,19,73.128595
-200.0,200,73.154781
-96.0,96,73.154891
-79.0,79,73.154973
-74.0,74,73.155013
-65.0,65,73.155052
-32.0,32,73.155088
-19.0,19,73.155125
-19.0,19,73.15516
-200.0,200,73.215701
-96.0,96,73.215807
-79.0,79,73.215871
-74.0,74,73.215912
-65.0,65,73.215951
-44.0,44,73.215988
-41.0,41,73.216025
-41.0,41,73.216061
-200.0,200,73.243879
-96.0,96,73.243993
-79.0,79,73.244077
-74.0,74,73.244135
-65.0,65,73.244172
-44.0,44,73.244209
-20.0,20,73.244246
-20.0,20,73.244281
-200.0,200,73.253188
-96.0,96,73.253284
-79.0,79,73.253337
-74.0,74,73.253383
-65.0,65,73.253422
-44.0,44,73.253458
-6.0,6,73.253493
-6.0,6,73.253528
-200.0,200,73.278282
-96.0,96,73.2784
-79.0,79,73.27845
-74.0,74,73.278506
-65.0,65,73.278544
-32.0,32,73.27858
-18.0,18,73.278615
-18.0,18,73.278649
-200.0,200,73.287561
-96.0,96,73.287673
-79.0,79,73.287723
-74.0,74,73.287779
-65.0,65,73.287819
-44.0,44,73.287856
-20.0,20,73.287892
-6.0,6,73.287928
-6.0,6,73.287964
-200.0,200,73.291319
-96.0,96,73.291409
-79.0,79,73.291484
-50.0,50,73.291526
-46.0,46,73.291572
-36.0,36,73.29161
-16.0,16,73.291645
-2.0,2,73.29168
-2.0,2,73.291714
-200.0,200,73.300114
-96.0,96,73.300204
-79.0,79,73.300251
-74.0,74,73.300291
-65.0,65,73.300329
-44.0,44,73.300366
-6.0,6,73.300401
-6.0,6,73.300436
-200.0,200,73.344963
-96.0,96,73.345063
-79.0,79,73.345111
-74.0,74,73.345153
-65.0,65,73.345191
-32.0,32,73.345227
-32.0,32,73.345263
-200.0,200,73.395432
-96.0,96,73.395574
-79.0,79,73.395623
-74.0,74,73.395679
-65.0,65,73.395717
-32.0,32,73.395753
-32.0,32,73.395792
-200.0,200,73.398953
-182.0,182,73.399052
-63.0,63,73.399099
-24.0,24,73.39914
-13.0,13,73.399177
-2.0,2,73.399214
-2.0,2,73.399249
-200.0,200,73.442251
-96.0,96,73.442368
-79.0,79,73.442418
-74.0,74,73.442492
-65.0,65,73.442533
-32.0,32,73.44257
-32.0,32,73.442606
-200.0,200,73.461608
-96.0,96,73.46173
-79.0,79,73.461779
-74.0,74,73.461821
-65.0,65,73.46186
-44.0,44,73.461898
-13.0,13,73.461933
-13.0,13,73.461969
-200.0,200,73.523554
-96.0,96,73.523659
-79.0,79,73.523706
-74.0,74,73.523748
-65.0,65,73.523787
-44.0,44,73.523824
-41.0,41,73.52386
-41.0,41,73.523896
-200.0,200,73.532995
-96.0,96,73.533108
-79.0,79,73.533154
-74.0,74,73.533194
-65.0,65,73.533238
-44.0,44,73.533277
-6.0,6,73.533312
-6.0,6,73.533347
-200.0,200,73.536908
-182.0,182,73.537007
-63.0,63,73.537053
-24.0,24,73.537093
-13.0,13,73.53713
-2.0,2,73.537166
-2.0,2,73.537202
-200.0,200,73.546386
-96.0,96,73.546481
-79.0,79,73.546528
-74.0,74,73.54657
-65.0,65,73.546609
-44.0,44,73.546647
-20.0,20,73.546683
-6.0,6,73.546719
-6.0,6,73.546755
-200.0,200,73.565309
-96.0,96,73.56542
-79.0,79,73.565474
-74.0,74,73.565547
-65.0,65,73.565587
-44.0,44,73.565625
-13.0,13,73.565661
-13.0,13,73.565697
-200.0,200,73.574398
-96.0,96,73.574487
-79.0,79,73.574534
-74.0,74,73.574575
-65.0,65,73.574614
-44.0,44,73.574651
-20.0,20,73.574687
-6.0,6,73.574723
-6.0,6,73.574759
-200.0,200,73.578153
-96.0,96,73.578239
-79.0,79,73.5783
-50.0,50,73.578341
-46.0,46,73.578378
-36.0,36,73.578414
-16.0,16,73.57845
-2.0,2,73.578485
-2.0,2,73.578519
-200.0,200,73.587991
-96.0,96,73.588095
-79.0,79,73.588145
-74.0,74,73.588189
-65.0,65,73.588229
-44.0,44,73.588268
-6.0,6,73.588305
-6.0,6,73.588342
-200.0,200,73.591793
-96.0,96,73.591878
-79.0,79,73.591924
-50.0,50,73.591966
-46.0,46,73.592004
-36.0,36,73.592041
-16.0,16,73.592077
-2.0,2,73.592112
-2.0,2,73.592148
-200.0,200,73.601038
-96.0,96,73.601132
-79.0,79,73.601181
-74.0,74,73.601237
-65.0,65,73.601274
-44.0,44,73.601311
-20.0,20,73.601346
-6.0,6,73.601381
-6.0,6,73.601416
-200.0,200,73.629771
-96.0,96,73.629895
-79.0,79,73.629946
-74.0,74,73.630001
-65.0,65,73.630039
-44.0,44,73.630074
-20.0,20,73.63011
-20.0,20,73.630145
-200.0,200,73.661324
-96.0,96,73.661439
-79.0,79,73.661489
-74.0,74,73.66153
-65.0,65,73.661569
-32.0,32,73.661607
-19.0,19,73.661643
-19.0,19,73.661678
-200.0,200,73.665113
-182.0,182,73.665192
-63.0,63,73.66524
-24.0,24,73.665301
-13.0,13,73.665374
-2.0,2,73.665411
-2.0,2,73.665446
-200.0,200,73.690198
-96.0,96,73.690316
-79.0,79,73.690363
-74.0,74,73.690404
-65.0,65,73.690442
-32.0,32,73.690479
-18.0,18,73.690515
-18.0,18,73.690549
-200.0,200,73.699389
-96.0,96,73.699489
-79.0,79,73.699549
-74.0,74,73.699625
-65.0,65,73.699663
-44.0,44,73.6997
-20.0,20,73.699735
-6.0,6,73.69977
-6.0,6,73.699805
-200.0,200,73.755867
-96.0,96,73.755976
-79.0,79,73.75603
-74.0,74,73.7561
-65.0,65,73.756139
-44.0,44,73.756176
-41.0,41,73.756212
-41.0,41,73.756248
-200.0,200,73.774975
-96.0,96,73.775099
-79.0,79,73.775162
-74.0,74,73.775204
-65.0,65,73.775243
-44.0,44,73.77528
-13.0,13,73.775315
-13.0,13,73.77535
-200.0,200,73.778487
-182.0,182,73.778575
-63.0,63,73.778626
-24.0,24,73.779091
-13.0,13,73.779139
-2.0,2,73.779177
-2.0,2,73.779214
-200.0,200,73.810477
-96.0,96,73.810578
-79.0,79,73.810626
-74.0,74,73.810667
-65.0,65,73.810706
-32.0,32,73.810743
-18.0,18,73.81078
-18.0,18,73.810816
-200.0,200,73.866076
-96.0,96,73.86621
-79.0,79,73.866256
-74.0,74,73.866295
-65.0,65,73.866333
-44.0,44,73.866369
-41.0,41,73.866403
-41.0,41,73.866438
-200.0,200,73.869691
-182.0,182,73.869786
-63.0,63,73.869832
-24.0,24,73.869871
-13.0,13,73.869909
-2.0,2,73.869944
-2.0,2,73.86998
-200.0,200,73.873358
-182.0,182,73.873474
-63.0,63,73.87352
-24.0,24,73.87356
-13.0,13,73.873597
-2.0,2,73.873632
-2.0,2,73.873667
-200.0,200,73.876928
-182.0,182,73.877038
-63.0,63,73.877086
-24.0,24,73.877126
-13.0,13,73.877163
-2.0,2,73.877199
-2.0,2,73.877235
-200.0,200,73.904921
-96.0,96,73.905029
-79.0,79,73.905096
-74.0,74,73.905139
-65.0,65,73.905179
-32.0,32,73.905217
-19.0,19,73.905254
-19.0,19,73.905291
-200.0,200,73.908397
-96.0,96,73.908482
-79.0,79,73.908532
-50.0,50,73.908575
-46.0,46,73.908627
-36.0,36,73.908664
-16.0,16,73.9087
-2.0,2,73.908734
-2.0,2,73.908769
-200.0,200,73.926774
-96.0,96,73.926877
-79.0,79,73.926924
-74.0,74,73.926966
-65.0,65,73.927005
-44.0,44,73.927042
-13.0,13,73.927078
-13.0,13,73.927113
-200.0,200,73.959774
-96.0,96,73.959888
-79.0,79,73.959971
-74.0,74,73.960012
-65.0,65,73.960051
-32.0,32,73.960089
-19.0,19,73.960125
-19.0,19,73.960161
-200.0,200,73.986272
-96.0,96,73.98638
-79.0,79,73.986447
-74.0,74,73.986504
-65.0,65,73.986542
-32.0,32,73.98658
-19.0,19,73.986614
-19.0,19,73.98665
-200.0,200,74.030274
-96.0,96,74.030393
-79.0,79,74.030443
-74.0,74,74.0305
-65.0,65,74.030539
-32.0,32,74.030576
-32.0,32,74.030612
-200.0,200,74.074523
-96.0,96,74.074642
-79.0,79,74.074706
-74.0,74,74.074747
-65.0,65,74.074785
-32.0,32,74.074821
-32.0,32,74.074857
-200.0,200,74.07805
-182.0,182,74.078151
-63.0,63,74.078199
-24.0,24,74.07824
-13.0,13,74.078278
-2.0,2,74.078314
-2.0,2,74.078349
-200.0,200,74.127373
-96.0,96,74.127474
-79.0,79,74.127522
-74.0,74,74.127574
-65.0,65,74.127615
-32.0,32,74.127652
-32.0,32,74.127688
-200.0,200,74.146042
-96.0,96,74.146147
-79.0,79,74.146196
-74.0,74,74.14624
-65.0,65,74.146281
-44.0,44,74.14632
-13.0,13,74.146357
-13.0,13,74.146394
-200.0,200,74.18876
-96.0,96,74.188868
-79.0,79,74.18895
-74.0,74,74.18899
-65.0,65,74.189028
-32.0,32,74.189063
-32.0,32,74.189098
-200.0,200,74.249518
-96.0,96,74.249621
-79.0,79,74.249668
-74.0,74,74.249709
-65.0,65,74.249747
-44.0,44,74.249783
-41.0,41,74.249819
-41.0,41,74.249854
-200.0,200,74.276905
-96.0,96,74.27703
-79.0,79,74.277094
-74.0,74,74.277135
-65.0,65,74.277174
-32.0,32,74.27721
-19.0,19,74.277246
-19.0,19,74.277282
-200.0,200,74.302881
-96.0,96,74.303003
-79.0,79,74.303052
-74.0,74,74.30311
-65.0,65,74.303149
-32.0,32,74.303187
-19.0,19,74.303223
-19.0,19,74.303259
-200.0,200,74.312009
-96.0,96,74.312124
-79.0,79,74.312173
-74.0,74,74.312215
-65.0,65,74.312254
-44.0,44,74.312291
-20.0,20,74.312327
-6.0,6,74.312363
-6.0,6,74.312399
-200.0,200,74.315589
-182.0,182,74.315681
-63.0,63,74.315733
-24.0,24,74.315793
-13.0,13,74.315846
-2.0,2,74.315882
-2.0,2,74.315918
-200.0,200,74.339613
-96.0,96,74.339735
-79.0,79,74.339812
-74.0,74,74.339853
-65.0,65,74.339891
-32.0,32,74.339928
-18.0,18,74.339963
-18.0,18,74.339999
-200.0,200,74.400229
-96.0,96,74.400344
-79.0,79,74.400391
-74.0,74,74.400432
-65.0,65,74.400469
-44.0,44,74.400506
-41.0,41,74.400541
-41.0,41,74.400575
-200.0,200,74.443854
-96.0,96,74.443953
-79.0,79,74.444001
-74.0,74,74.44404
-65.0,65,74.444078
-32.0,32,74.444115
-32.0,32,74.44415
-200.0,200,74.498471
-96.0,96,74.498571
-79.0,79,74.498618
-74.0,74,74.498659
-65.0,65,74.498698
-44.0,44,74.498735
-41.0,41,74.498771
-41.0,41,74.498807
-200.0,200,74.502057
-182.0,182,74.502142
-63.0,63,74.50219
-24.0,24,74.502269
-13.0,13,74.502322
-2.0,2,74.502358
-2.0,2,74.502394
-200.0,200,74.532803
-96.0,96,74.532911
-79.0,79,74.532974
-74.0,74,74.533015
-65.0,65,74.533054
-32.0,32,74.53309
-18.0,18,74.533126
-18.0,18,74.533161
-200.0,200,74.557645
-96.0,96,74.557747
-79.0,79,74.557795
-74.0,74,74.557836
-65.0,65,74.557874
-32.0,32,74.55792
-18.0,18,74.557956
-18.0,18,74.557992
-200.0,200,74.575978
-96.0,96,74.576094
-79.0,79,74.576143
-74.0,74,74.576185
-65.0,65,74.576224
-44.0,44,74.576262
-13.0,13,74.576297
-13.0,13,74.576333
-200.0,200,74.579433
-182.0,182,74.579518
-63.0,63,74.579604
-24.0,24,74.579644
-13.0,13,74.57968
-2.0,2,74.579715
-2.0,2,74.57975
-200.0,200,74.588249
-96.0,96,74.588354
-79.0,79,74.588409
-74.0,74,74.588497
-65.0,65,74.588553
-44.0,44,74.588609
-20.0,20,74.588648
-6.0,6,74.588685
-6.0,6,74.58872
-200.0,200,74.606965
-96.0,96,74.607073
-79.0,79,74.607125
-74.0,74,74.607198
-65.0,65,74.607236
-44.0,44,74.607273
-13.0,13,74.607308
-13.0,13,74.607343
-200.0,200,74.625096
-96.0,96,74.625214
-79.0,79,74.625262
-74.0,74,74.625303
-65.0,65,74.625341
-44.0,44,74.625378
-13.0,13,74.625413
-13.0,13,74.625448
-200.0,200,74.650403
-96.0,96,74.650502
-79.0,79,74.65055
-74.0,74,74.650592
-65.0,65,74.650635
-32.0,32,74.650673
-18.0,18,74.65071
-18.0,18,74.650746
-200.0,200,74.659807
-96.0,96,74.659908
-79.0,79,74.659956
-74.0,74,74.659998
-65.0,65,74.660038
-44.0,44,74.660076
-20.0,20,74.660113
-6.0,6,74.66015
-6.0,6,74.660187
-200.0,200,74.669361
-96.0,96,74.669455
-79.0,79,74.669505
-74.0,74,74.669561
-65.0,65,74.6696
-44.0,44,74.669637
-6.0,6,74.669673
-6.0,6,74.669708
-200.0,200,74.678474
-96.0,96,74.678569
-79.0,79,74.678615
-50.0,50,74.678656
-46.0,46,74.678694
-36.0,36,74.67873
-16.0,16,74.678765
-2.0,2,74.678799
-2.0,2,74.678833
-200.0,200,74.704437
-96.0,96,74.704542
-79.0,79,74.704591
-74.0,74,74.704632
-65.0,65,74.704671
-32.0,32,74.704708
-18.0,18,74.704744
-18.0,18,74.70478
-200.0,200,74.713343
-96.0,96,74.7135
-79.0,79,74.713567
-74.0,74,74.713609
-65.0,65,74.713647
-44.0,44,74.713685
-20.0,20,74.713721
-6.0,6,74.713757
-6.0,6,74.713793
-200.0,200,74.7227
-96.0,96,74.722798
-79.0,79,74.722844
-74.0,74,74.722884
-65.0,65,74.722922
-44.0,44,74.722959
-20.0,20,74.722995
-6.0,6,74.72303
-6.0,6,74.723066
-200.0,200,74.766734
-96.0,96,74.766855
-79.0,79,74.766905
-74.0,74,74.766962
-65.0,65,74.767002
-32.0,32,74.767038
-32.0,32,74.767075
-200.0,200,74.770295
-182.0,182,74.770381
-63.0,63,74.770433
-24.0,24,74.770506
-13.0,13,74.770543
-2.0,2,74.770578
-2.0,2,74.770614
-200.0,200,74.795066
-96.0,96,74.795186
-79.0,79,74.795262
-74.0,74,74.795308
-65.0,65,74.795347
-32.0,32,74.795386
-18.0,18,74.795423
-18.0,18,74.795459
-200.0,200,74.804096
-96.0,96,74.804185
-79.0,79,74.804232
-74.0,74,74.804273
-65.0,65,74.804311
-44.0,44,74.804348
-6.0,6,74.804383
-6.0,6,74.804419
-200.0,200,74.865186
-96.0,96,74.865286
-79.0,79,74.865333
-74.0,74,74.865374
-65.0,65,74.865412
-44.0,44,74.865448
-41.0,41,74.865483
-41.0,41,74.865519
-200.0,200,74.874223
-96.0,96,74.874325
-79.0,79,74.874404
-74.0,74,74.874444
-65.0,65,74.874482
-44.0,44,74.874519
-20.0,20,74.874554
-6.0,6,74.874589
-6.0,6,74.874623
-200.0,200,74.877991
-182.0,182,74.878089
-63.0,63,74.878138
-24.0,24,74.878179
-13.0,13,74.878217
-2.0,2,74.878254
-2.0,2,74.87829
-200.0,200,74.933986
-96.0,96,74.934091
-79.0,79,74.93414
-74.0,74,74.934197
-65.0,65,74.934234
-44.0,44,74.934271
-41.0,41,74.934307
-41.0,41,74.934342
-200.0,200,74.958852
-96.0,96,74.958952
-79.0,79,74.958999
-74.0,74,74.959039
-65.0,65,74.959076
-32.0,32,74.959113
-18.0,18,74.959148
-18.0,18,74.959183
-200.0,200,74.962783
-96.0,96,74.962877
-79.0,79,74.962925
-50.0,50,74.962967
-46.0,46,74.963005
-36.0,36,74.963042
-16.0,16,74.963078
-2.0,2,74.963115
-2.0,2,74.963164
-200.0,200,75.023381
-96.0,96,75.023497
-79.0,79,75.023552
-74.0,74,75.023595
-65.0,65,75.023635
-44.0,44,75.02367
-41.0,41,75.023705
-41.0,41,75.02374
-200.0,200,75.078408
-96.0,96,75.078531
-79.0,79,75.078581
-74.0,74,75.078623
-65.0,65,75.078707
-44.0,44,75.078743
-41.0,41,75.078778
-41.0,41,75.078813
-200.0,200,75.103309
-96.0,96,75.103424
-79.0,79,75.103472
-74.0,74,75.103512
-65.0,65,75.103586
-32.0,32,75.103624
-18.0,18,75.10366
-18.0,18,75.103705
-200.0,200,75.133454
-96.0,96,75.133562
-79.0,79,75.13361
-74.0,74,75.133652
-65.0,65,75.133692
-32.0,32,75.133729
-18.0,18,75.133765
-18.0,18,75.1338
-200.0,200,75.137546
-96.0,96,75.137632
-79.0,79,75.137681
-50.0,50,75.137721
-46.0,46,75.137759
-36.0,36,75.137796
-16.0,16,75.137833
-2.0,2,75.137869
-2.0,2,75.137904
-200.0,200,75.163596
-96.0,96,75.16372
-79.0,79,75.163785
-74.0,74,75.163826
-65.0,65,75.163864
-32.0,32,75.1639
-19.0,19,75.163935
-19.0,19,75.163971
-200.0,200,75.188651
-96.0,96,75.18875
-79.0,79,75.188798
-74.0,74,75.18884
-65.0,65,75.188879
-32.0,32,75.188916
-18.0,18,75.188952
-18.0,18,75.188988
-200.0,200,75.213094
-96.0,96,75.213195
-79.0,79,75.213243
-74.0,74,75.213283
-65.0,65,75.213321
-32.0,32,75.213357
-18.0,18,75.213393
-18.0,18,75.213428
-200.0,200,75.273673
-96.0,96,75.273799
-79.0,79,75.273866
-74.0,74,75.273921
-65.0,65,75.273959
-44.0,44,75.273995
-41.0,41,75.27403
-41.0,41,75.274066
-200.0,200,75.292224
-96.0,96,75.292325
-79.0,79,75.292372
-74.0,74,75.292412
-65.0,65,75.29245
-44.0,44,75.292487
-13.0,13,75.292522
-13.0,13,75.292557
-200.0,200,75.300911
-96.0,96,75.301021
-79.0,79,75.301069
-74.0,74,75.30111
-65.0,65,75.301149
-44.0,44,75.301187
-6.0,6,75.301223
-6.0,6,75.301258
-200.0,200,75.356477
-96.0,96,75.356611
-79.0,79,75.35666
-74.0,74,75.356702
-65.0,65,75.356742
-44.0,44,75.356779
-41.0,41,75.356816
-41.0,41,75.356852
-200.0,200,75.365969
-96.0,96,75.366071
-79.0,79,75.366118
-74.0,74,75.366159
-65.0,65,75.366195
-44.0,44,75.366231
-6.0,6,75.366266
-6.0,6,75.3663
-200.0,200,75.383963
-96.0,96,75.384062
-79.0,79,75.384109
-74.0,74,75.384149
-65.0,65,75.384186
-44.0,44,75.384223
-13.0,13,75.384258
-13.0,13,75.384293
-200.0,200,75.414978
-96.0,96,75.415096
-79.0,79,75.415144
-74.0,74,75.415185
-65.0,65,75.415225
-32.0,32,75.415263
-18.0,18,75.4153
-18.0,18,75.415337
-200.0,200,75.433145
-96.0,96,75.433247
-79.0,79,75.433295
-74.0,74,75.433336
-65.0,65,75.433375
-44.0,44,75.433412
-13.0,13,75.433448
-13.0,13,75.433483
-200.0,200,75.436737
-182.0,182,75.436822
-63.0,63,75.436869
-24.0,24,75.43691
-13.0,13,75.436948
-2.0,2,75.436985
-2.0,2,75.437021
-200.0,200,75.454501
-96.0,96,75.454618
-79.0,79,75.454684
-74.0,74,75.45474
-65.0,65,75.454778
-44.0,44,75.454815
-13.0,13,75.45485
-13.0,13,75.454885
-200.0,200,75.463532
-96.0,96,75.463656
-79.0,79,75.463703
-74.0,74,75.463744
-65.0,65,75.463782
-44.0,44,75.463818
-20.0,20,75.463854
-6.0,6,75.463889
-6.0,6,75.463923
-200.0,200,75.467191
-182.0,182,75.467396
-63.0,63,75.467444
-24.0,24,75.467485
-13.0,13,75.467523
-2.0,2,75.467573
-2.0,2,75.467611
-200.0,200,75.51389
-96.0,96,75.514005
-79.0,79,75.514055
-74.0,74,75.514111
-65.0,65,75.514149
-32.0,32,75.514186
-18.0,18,75.514222
-18.0,18,75.514256
-200.0,200,75.557359
-96.0,96,75.55746
-79.0,79,75.557508
-74.0,74,75.557548
-65.0,65,75.557586
-32.0,32,75.557622
-32.0,32,75.557657
-200.0,200,75.572712
-96.0,96,75.572821
-79.0,79,75.572889
-74.0,74,75.572946
-65.0,65,75.572984
-44.0,44,75.573021
-20.0,20,75.573057
-6.0,6,75.573093
-6.0,6,75.573128
-200.0,200,75.59077
-96.0,96,75.590886
-79.0,79,75.591649
-74.0,74,75.591694
-65.0,65,75.591733
-44.0,44,75.591769
-13.0,13,75.591805
-13.0,13,75.591841
-200.0,200,75.645923
-96.0,96,75.64604
-79.0,79,75.646087
-74.0,74,75.646129
-65.0,65,75.646168
-44.0,44,75.646204
-41.0,41,75.64624
-41.0,41,75.646276
-200.0,200,75.689753
-96.0,96,75.689887
-79.0,79,75.689968
-74.0,74,75.690009
-65.0,65,75.690047
-32.0,32,75.690084
-32.0,32,75.69012
-200.0,200,75.693521
-96.0,96,75.693608
-79.0,79,75.693686
-50.0,50,75.693727
-46.0,46,75.693766
-36.0,36,75.693803
-16.0,16,75.69384
-2.0,2,75.693875
-2.0,2,75.693911
-200.0,200,75.725521
-96.0,96,75.725622
-79.0,79,75.725669
-74.0,74,75.72571
-65.0,65,75.725748
-32.0,32,75.725784
-19.0,19,75.725819
-19.0,19,75.725854
-200.0,200,75.750344
-96.0,96,75.750463
-79.0,79,75.750528
-74.0,74,75.75057
-65.0,65,75.750617
-32.0,32,75.750655
-18.0,18,75.750691
-18.0,18,75.750727
-200.0,200,75.759239
-96.0,96,75.759337
-79.0,79,75.75939
-74.0,74,75.759436
-65.0,65,75.759505
-44.0,44,75.759549
-20.0,20,75.759591
-6.0,6,75.759627
-6.0,6,75.759663
-200.0,200,75.78574
-96.0,96,75.785841
-79.0,79,75.785888
-74.0,74,75.785928
-65.0,65,75.785967
-32.0,32,75.786004
-19.0,19,75.786039
-19.0,19,75.786075
-200.0,200,75.789483
-96.0,96,75.789568
-79.0,79,75.789619
-50.0,50,75.789674
-46.0,46,75.789711
-36.0,36,75.789748
-16.0,16,75.789783
-2.0,2,75.789818
-2.0,2,75.789854
-200.0,200,75.793349
-96.0,96,75.793446
-79.0,79,75.793493
-50.0,50,75.793535
-46.0,46,75.793572
-36.0,36,75.793609
-16.0,16,75.793645
-2.0,2,75.79368
-2.0,2,75.793715
-200.0,200,75.847909
-96.0,96,75.848045
-79.0,79,75.848109
-74.0,74,75.848149
-65.0,65,75.848188
-44.0,44,75.848225
-41.0,41,75.848261
-41.0,41,75.848297
-200.0,200,75.896778
-96.0,96,75.896915
-79.0,79,75.896966
-74.0,74,75.897022
-65.0,65,75.89706
-32.0,32,75.897096
-32.0,32,75.897131
-200.0,200,75.956319
-96.0,96,75.956415
-79.0,79,75.956461
-74.0,74,75.956501
-65.0,65,75.956539
-32.0,32,75.956575
-32.0,32,75.95661
-200.0,200,76.018834
-96.0,96,76.018946
-79.0,79,76.019014
-74.0,74,76.019057
-65.0,65,76.019098
-44.0,44,76.019136
-41.0,41,76.019174
-41.0,41,76.019211
-200.0,200,76.028007
-96.0,96,76.0281
-79.0,79,76.028149
-74.0,74,76.028191
-65.0,65,76.02823
-44.0,44,76.028268
-20.0,20,76.028305
-6.0,6,76.028341
-6.0,6,76.028377
-200.0,200,76.045735
-96.0,96,76.045844
-79.0,79,76.045897
-74.0,74,76.04597
-65.0,65,76.046009
-44.0,44,76.046045
-13.0,13,76.046082
-13.0,13,76.046117
-200.0,200,76.092474
-96.0,96,76.092575
-79.0,79,76.092623
-74.0,74,76.092664
-65.0,65,76.092702
-32.0,32,76.092738
-18.0,18,76.092774
-18.0,18,76.092809
-200.0,200,76.098975
-96.0,96,76.099072
-79.0,79,76.099126
-74.0,74,76.099198
-65.0,65,76.099236
-32.0,32,76.099275
-18.0,18,76.099312
-4.0,4,76.099348
-4.0,4,76.099384
-200.0,200,76.102654
-96.0,96,76.102746
-79.0,79,76.102799
-50.0,50,76.102873
-46.0,46,76.102911
-36.0,36,76.102948
-16.0,16,76.102984
-2.0,2,76.10302
-2.0,2,76.103055
-200.0,200,76.146246
-96.0,96,76.146362
-79.0,79,76.14641
-74.0,74,76.146451
-65.0,65,76.146488
-32.0,32,76.146523
-32.0,32,76.146559
-200.0,200,76.194544
-96.0,96,76.194645
-79.0,79,76.194693
-74.0,74,76.194733
-65.0,65,76.19477
-32.0,32,76.194805
-32.0,32,76.19484
-200.0,200,76.198108
-96.0,96,76.198225
-79.0,79,76.198289
-50.0,50,76.198329
-46.0,46,76.198367
-36.0,36,76.198403
-16.0,16,76.198438
-2.0,2,76.198473
-2.0,2,76.198507
-200.0,200,76.223692
-96.0,96,76.223798
-79.0,79,76.223849
-74.0,74,76.223904
-65.0,65,76.223943
-32.0,32,76.223979
-19.0,19,76.224014
-19.0,19,76.224048
-200.0,200,76.23039
-96.0,96,76.2305
-79.0,79,76.230549
-74.0,74,76.230607
-65.0,65,76.230645
-32.0,32,76.230681
-18.0,18,76.230717
-4.0,4,76.230752
-4.0,4,76.230787
-200.0,200,76.23952
-96.0,96,76.239659
-79.0,79,76.239707
-74.0,74,76.239748
-65.0,65,76.239786
-44.0,44,76.239823
-20.0,20,76.239859
-6.0,6,76.239894
-6.0,6,76.239929
-200.0,200,76.263427
-96.0,96,76.263533
-79.0,79,76.263609
-74.0,74,76.263667
-65.0,65,76.263705
-32.0,32,76.263741
-18.0,18,76.263776
-17.0,17,76.263812
-17.0,17,76.263846
-200.0,200,76.265878
-96.0,96,76.265961
-79.0,79,76.266025
-74.0,74,76.266081
-65.0,65,76.266118
-32.0,32,76.266154
-1.0,1,76.26619
-1.0,1,76.266224
-200.0,200,76.284444
-96.0,96,76.284541
-79.0,79,76.284588
-74.0,74,76.284629
-65.0,65,76.284667
-44.0,44,76.284703
-13.0,13,76.284739
-13.0,13,76.284774
-200.0,200,76.287881
-96.0,96,76.287964
-79.0,79,76.288011
-50.0,50,76.288052
-46.0,46,76.288092
-36.0,36,76.288129
-16.0,16,76.288165
-2.0,2,76.288201
-2.0,2,76.288237
-200.0,200,76.337658
-96.0,96,76.33776
-79.0,79,76.337807
-74.0,74,76.337849
-65.0,65,76.337888
-32.0,32,76.337925
-32.0,32,76.337961
-200.0,200,76.341506
-96.0,96,76.341589
-79.0,79,76.341636
-50.0,50,76.341677
-46.0,46,76.341722
-36.0,36,76.341759
-16.0,16,76.341794
-2.0,2,76.341829
-2.0,2,76.341863
-200.0,200,76.36654
-96.0,96,76.36666
-79.0,79,76.366711
-74.0,74,76.366752
-65.0,65,76.366791
-32.0,32,76.366826
-18.0,18,76.366861
-18.0,18,76.366897
-200.0,200,76.384953
-96.0,96,76.385072
-79.0,79,76.385119
-74.0,74,76.38516
-65.0,65,76.3852
-44.0,44,76.385238
-13.0,13,76.385274
-13.0,13,76.38531
-200.0,200,76.391341
-96.0,96,76.391432
-79.0,79,76.39148
-74.0,74,76.391521
-65.0,65,76.391584
-32.0,32,76.391635
-18.0,18,76.391671
-4.0,4,76.391707
-4.0,4,76.391743
-200.0,200,76.416329
-96.0,96,76.41645
-79.0,79,76.4165
-74.0,74,76.416557
-65.0,65,76.416595
-32.0,32,76.416631
-18.0,18,76.416667
-18.0,18,76.416701
-200.0,200,76.458807
-96.0,96,76.458916
-79.0,79,76.458969
-74.0,74,76.459043
-65.0,65,76.459082
-32.0,32,76.459119
-32.0,32,76.459155
-200.0,200,76.483172
-96.0,96,76.483279
-79.0,79,76.483344
-74.0,74,76.483399
-65.0,65,76.483438
-44.0,44,76.483474
-13.0,13,76.483509
-13.0,13,76.483552
-200.0,200,76.525352
-96.0,96,76.525453
-79.0,79,76.525501
-74.0,74,76.525541
-65.0,65,76.525579
-32.0,32,76.525615
-32.0,32,76.525651
-200.0,200,76.527558
-96.0,96,76.52766
-79.0,79,76.527705
-74.0,74,76.527745
-65.0,65,76.527784
-32.0,32,76.527819
-1.0,1,76.527854
-1.0,1,76.527889
-200.0,200,76.570473
-96.0,96,76.570596
-79.0,79,76.570646
-74.0,74,76.570703
-65.0,65,76.570741
-32.0,32,76.570777
-32.0,32,76.570812
-200.0,200,76.632118
-96.0,96,76.632218
-79.0,79,76.632265
-74.0,74,76.632308
-65.0,65,76.632347
-44.0,44,76.632384
-41.0,41,76.63242
-41.0,41,76.632457
-200.0,200,76.63587
-96.0,96,76.635952
-79.0,79,76.635998
-50.0,50,76.636039
-46.0,46,76.636077
-36.0,36,76.636112
-16.0,16,76.636148
-2.0,2,76.636183
-2.0,2,76.636218
-200.0,200,76.660408
-96.0,96,76.660539
-79.0,79,76.660586
-74.0,74,76.660627
-65.0,65,76.660664
-32.0,32,76.660701
-18.0,18,76.660736
-17.0,17,76.660772
-17.0,17,76.660807
-200.0,200,76.715704
-96.0,96,76.715808
-79.0,79,76.715856
-74.0,74,76.715912
-65.0,65,76.71595
-44.0,44,76.715986
-41.0,41,76.716021
-41.0,41,76.716056
-200.0,200,76.742209
-96.0,96,76.74232
-79.0,79,76.742387
-74.0,74,76.742445
-65.0,65,76.742483
-32.0,32,76.74252
-19.0,19,76.742556
-19.0,19,76.742591
-200.0,200,76.751239
-96.0,96,76.751339
-79.0,79,76.751391
-74.0,74,76.751437
-65.0,65,76.751494
-44.0,44,76.751533
-20.0,20,76.751597
-6.0,6,76.751634
-6.0,6,76.75167
-200.0,200,76.766924
-96.0,96,76.767074
-79.0,79,76.767121
-74.0,74,76.767162
-65.0,65,76.767201
-44.0,44,76.767238
-20.0,20,76.767274
-6.0,6,76.767309
-6.0,6,76.767345
-200.0,200,76.790617
-96.0,96,76.790725
-79.0,79,76.790778
-74.0,74,76.79085
-65.0,65,76.790889
-32.0,32,76.790927
-18.0,18,76.790962
-17.0,17,76.790998
-17.0,17,76.791033
-200.0,200,76.81673
-96.0,96,76.816878
-79.0,79,76.816943
-74.0,74,76.816984
-65.0,65,76.817022
-32.0,32,76.817058
-19.0,19,76.817093
-19.0,19,76.817128
-200.0,200,76.840617
-96.0,96,76.840743
-79.0,79,76.840825
-74.0,74,76.840867
-65.0,65,76.840906
-32.0,32,76.840945
-18.0,18,76.840981
-17.0,17,76.841017
-17.0,17,76.841055
-200.0,200,76.847356
-96.0,96,76.847496
-79.0,79,76.847575
-74.0,74,76.847644
-65.0,65,76.84771
-32.0,32,76.847776
-18.0,18,76.847836
-4.0,4,76.847895
-4.0,4,76.847938
-200.0,200,76.851597
-96.0,96,76.851707
-79.0,79,76.851753
-50.0,50,76.851793
-46.0,46,76.85183
-36.0,36,76.851866
-16.0,16,76.851901
-2.0,2,76.851935
-2.0,2,76.85197
-200.0,200,76.855399
-96.0,96,76.855488
-79.0,79,76.8556
-50.0,50,76.855646
-46.0,46,76.855684
-36.0,36,76.855721
-16.0,16,76.855756
-2.0,2,76.855792
-2.0,2,76.855826
-200.0,200,76.898889
-96.0,96,76.898997
-79.0,79,76.899052
-74.0,74,76.899112
-65.0,65,76.899166
-32.0,32,76.899203
-32.0,32,76.899239
-200.0,200,76.959359
-96.0,96,76.959482
-79.0,79,76.959553
-74.0,74,76.959595
-65.0,65,76.959633
-44.0,44,76.95967
-41.0,41,76.959705
-41.0,41,76.95974
-200.0,200,77.014321
-96.0,96,77.01443
-79.0,79,77.014491
-74.0,74,77.014537
-65.0,65,77.014605
-44.0,44,77.014642
-41.0,41,77.014678
-41.0,41,77.014714
-200.0,200,77.020894
-96.0,96,77.020992
-79.0,79,77.02104
-74.0,74,77.02108
-65.0,65,77.021119
-32.0,32,77.021155
-18.0,18,77.021191
-4.0,4,77.021227
-4.0,4,77.021262
-200.0,200,77.038798
-96.0,96,77.038896
-79.0,79,77.038944
-74.0,74,77.038984
-65.0,65,77.039022
-44.0,44,77.039058
-13.0,13,77.039093
-13.0,13,77.039127
